4.049572646617889404e-01
3.549255132675170898e-01
5.367428064346313477e-02
-1.040038168430328369e-01
-9.345944225788116455e-02
-5.044663697481155396e-02
-9.494291245937347412e-02
-2.868720591068267822e-01
-1.363070756196975708e-01
2.429337054491043091e-01
1.330717653036117554e-01
-7.280406355857849121e-02
3.060330748558044434e-01
-1.636797338724136353e-01
-1.529006510972976685e-01
-2.254514247179031372e-01
3.918148204684257507e-02
1.228538826107978821e-01
-1.514747440814971924e-01
-3.329497873783111572e-01
