2.528340555727481842e-02 -3.653376698493957520e-01 3.093734085559844971e-01 4.661019518971443176e-02 -6.756194680929183960e-02 2.963226139545440674e-01 1.486683934926986694e-01 -2.057580053806304932e-01 4.083003103733062744e-01 6.296482086181640625e-01 6.966087818145751953e-01 5.420885682106018066e-01 5.537620186805725098e-01 1.809208840131759644e-01 4.263081848621368408e-01 8.529078960418701172e-02 3.458154201507568359e-01 3.883855417370796204e-02 -2.911284007132053375e-02 -4.700765386223793030e-02
2.616162896156311035e-01 -6.839074939489364624e-02 2.955550327897071838e-03 3.426252901554107666e-01 2.544450163841247559e-01 1.548501700162887573e-01 3.188647925853729248e-01 1.030043698847293854e-02 4.042454063892364502e-01 8.484373241662979126e-02 2.224477007985115051e-02 3.175707459449768066e-01 4.667305350303649902e-01 1.579021513462066650e-01 4.867829382419586182e-01 -3.019898533821105957e-01 2.697734534740447998e-01 -1.377782225608825684e-02 -5.235052853822708130e-02 8.207602798938751221e-02
1.919384151697158813e-01 5.531053990125656128e-02 -1.647995561361312866e-01 8.520098775625228882e-02 2.698605358600616455e-01 -6.626205891370773315e-02 -6.549163162708282471e-02 -9.077824652194976807e-02 -6.512378808110952377e-03 -1.325062364339828491e-01 6.162799000740051270e-01 -1.113632395863533020e-01 3.042426407337188721e-01 -5.104556679725646973e-03 4.849376380443572998e-01 2.735221982002258301e-01 1.803573034703731537e-02 -1.006044670939445496e-01 2.333027124404907227e-01 -2.361428290605545044e-01
3.478890359401702881e-01 -4.173812270164489746e-02 -1.546548604965209961e-01 -2.125248610973358154e-01 3.186607360839843750e-02 5.914735794067382812e-01 4.553529322147369385e-01 -2.243293970823287964e-01 -4.019439518451690674e-01 -4.178092479705810547e-01 3.087911009788513184e-01 2.389117032289505005e-01 3.047862350940704346e-01 -2.931878566741943359e-01 -4.731953442096710205e-01 9.431292302906513214e-03 -3.101135194301605225e-01 -3.838648796081542969e-01 1.538488455116748810e-02 -2.164743840694427490e-01
-1.975062191486358643e-01 7.629402726888656616e-02 -3.393133580684661865e-01 -6.908044964075088501e-02 3.109823465347290039e-01 -7.011600583791732788e-02 2.375804930925369263e-01 3.713295459747314453e-01 -2.754937708377838135e-01 -2.598294317722320557e-01 -4.979617297649383545e-01 -1.950790584087371826e-01 3.101172149181365967e-01 1.454066634178161621e-01 4.444971978664398193e-01 -1.769731640815734863e-01 -3.993530869483947754e-01 7.573261857032775879e-02 -4.899950921535491943e-01 -3.264142274856567383e-01
-1.535798758268356323e-01 -6.013319641351699829e-02 6.363524124026298523e-03 5.260309576988220215e-02 1.023642346262931824e-01 2.138831764459609985e-01 2.453362643718719482e-01 -2.151420153677463531e-02 -3.644790053367614746e-01 -7.671063393354415894e-02 -4.973357617855072021e-01 -3.448943197727203369e-01 1.211242377758026123e-01 3.541575372219085693e-01 3.809876441955566406e-01 1.490006446838378906e-01 -4.255827367305755615e-01 -7.740513235330581665e-02 1.577232629060745239e-01 1.660819053649902344e-01
1.511039137840270996e-01 1.837502270936965942e-01 -2.402669787406921387e-01 1.134832501411437988e-01 -4.036299586296081543e-01 4.354523867368698120e-02 -7.457570731639862061e-02 6.934876739978790283e-02 -1.091903150081634521e-01 1.291879117488861084e-01 2.300891876220703125e-01 -3.901929035782814026e-02 2.558684349060058594e-01 -2.527122497558593750e-01 -7.675795815885066986e-03 -2.511613070964813232e-01 -1.601040363311767578e-01 -4.643205106258392334e-01 -1.090184971690177917e-01 3.377257585525512695e-01
7.170380651950836182e-02 -2.259284108877182007e-01 5.824472755193710327e-02 -2.413473129272460938e-01 2.656929194927215576e-01 2.045684307813644409e-01 -2.690253555774688721e-01 1.647328138351440430e-01 7.947857677936553955e-02 -6.389807909727096558e-02 9.855438955128192902e-03 5.616195797920227051e-01 -2.580164968967437744e-01 -1.562918126583099365e-01 -1.700162328779697418e-02 -1.354567408561706543e-01 -4.545833170413970947e-01 -9.262380003929138184e-02 -2.002606093883514404e-01 -3.579289317131042480e-01
2.614760994911193848e-01 2.908260226249694824e-01 -3.102630376815795898e-01 -2.019038796424865723e-01 -1.978576928377151489e-01 -8.277914673089981079e-02 2.429187595844268799e-01 2.488515824079513550e-01 -6.701017171144485474e-02 -3.150392472743988037e-01 1.144521012902259827e-01 -1.631025411188602448e-02 1.431267559528350830e-01 2.066496312618255615e-01 -3.046458065509796143e-01 4.535668790340423584e-01 1.922256499528884888e-01 -4.181167483329772949e-01 -4.702159762382507324e-01 -8.482705801725387573e-02
-2.302667796611785889e-01 -4.015638828277587891e-01 -1.071516796946525574e-01 -3.004344105720520020e-01 -3.299066722393035889e-01 -2.088185995817184448e-01 -9.471753239631652832e-02 -2.036881297826766968e-01 -1.060115694999694824e-01 5.146527886390686035e-01 -2.574392259120941162e-01 1.532723605632781982e-01 2.891769707202911377e-01 -3.281983779743313789e-03 -1.267190724611282349e-01 -2.098610103130340576e-01 3.584604859352111816e-01 2.058117687702178955e-01 1.202088296413421631e-01 -1.393446624279022217e-01
-1.146396622061729431e-02 6.327348202466964722e-02 -1.214248687028884888e-01 7.525068242102861404e-03 -9.281323850154876709e-02 8.576306700706481934e-02 -2.141345143318176270e-01 1.949010789394378662e-01 3.468856513500213623e-01 3.459471762180328369e-01 -1.785228699445724487e-01 -4.064399600028991699e-01 -2.815709114074707031e-01 -2.824724316596984863e-01 -3.924753069877624512e-01 3.044259846210479736e-01 -1.577340513467788696e-01 8.272808790206909180e-02 -4.675098881125450134e-02 3.550768196582794189e-01
1.076249554753303528e-01 -2.778537571430206299e-01 1.288455277681350708e-01 -1.713765561580657959e-01 -9.379931725561618805e-03 3.306207656860351562e-01 2.567403316497802734e-01 -8.328144252300262451e-02 8.837069571018218994e-02 -5.905367732048034668e-01 1.332388520240783691e-01 -1.274393945932388306e-01 1.013276204466819763e-01 -6.721367686986923218e-02 1.242874562740325928e-01 2.386088371276855469e-01 1.766912043094635010e-01 -5.295907258987426758e-01 -5.789204239845275879e-01 -8.359135687351226807e-02
-3.671359717845916748e-01 -2.721874117851257324e-01 2.417792938649654388e-02 4.001673683524131775e-02 -2.401193827390670776e-01 -3.148508667945861816e-01 -1.378946304321289062e-01 3.738326132297515869e-01 -1.067743673920631409e-01 1.405323892831802368e-01 -3.640435338020324707e-01 1.234798878431320190e-02 -3.795064687728881836e-01 -1.810556203126907349e-01 -3.811117261648178101e-02 5.209806561470031738e-02 7.750639691948890686e-03 3.291061818599700928e-01 -1.258003711700439453e-01 3.458767831325531006e-01
9.019437432289123535e-02 -8.736800402402877808e-02 -1.585221886634826660e-01 5.748623609542846680e-02 -1.548694074153900146e-01 9.507854469120502472e-03 2.091073840856552124e-01 4.031236171722412109e-01 -3.567984402179718018e-01 -2.527188956737518311e-01 5.388804152607917786e-02 2.766224741935729980e-01 3.648392260074615479e-01 3.323323652148246765e-02 -4.782482683658599854e-01 5.039840191602706909e-02 -2.951879501342773438e-01 -4.555425420403480530e-02 -4.015432894229888916e-01 -2.735134772956371307e-02
-2.456311583518981934e-01 -2.714203894138336182e-01 1.573946028947830200e-01 -1.684208363294601440e-01 4.432495236396789551e-01 1.083086580038070679e-01 3.070257902145385742e-01 -1.094077825546264648e-01 -1.654440611600875854e-01 -2.291229069232940674e-01 -3.269860446453094482e-01 -1.895757317543029785e-01 -3.235485777258872986e-02 4.655089676380157471e-01 1.553222686052322388e-01 6.359117478132247925e-02 -4.269788563251495361e-01 -2.358036488294601440e-01 9.730318933725357056e-02 8.820936828851699829e-02
-2.082476615905761719e-01 -1.250272840261459351e-01 6.064458563923835754e-02 -1.557218283414840698e-01 2.703082859516143799e-01 1.819184273481369019e-01 9.689808636903762817e-02 1.133621297776699066e-02 -2.738846242427825928e-01 -6.812056154012680054e-02 -1.758882850408554077e-01 1.188134849071502686e-01 2.850749790668487549e-01 1.183306127786636353e-01 -1.000613570213317871e-01 7.106125354766845703e-02 -3.953559398651123047e-01 -3.330979347229003906e-01 -2.523877620697021484e-01 -2.414098978042602539e-01
-8.845235407352447510e-02 3.557328581809997559e-01 1.981188654899597168e-01 -1.201632991433143616e-01 1.607698649168014526e-01 -4.878992438316345215e-01 -9.961502254009246826e-02 -2.546488344669342041e-01 -1.016754508018493652e-01 -1.208632439374923706e-01 1.769529432058334351e-01 6.325516104698181152e-02 3.018439412117004395e-01 5.998788475990295410e-01 3.293240070343017578e-01 1.239147484302520752e-01 1.600432842969894409e-01 -7.973928749561309814e-02 -1.067455187439918518e-01 1.153079122304916382e-01
-4.531655311584472656e-01 -2.636090517044067383e-01 -3.748772144317626953e-01 1.778233498334884644e-01 -1.731363236904144287e-01 2.184182852506637573e-01 1.052423566579818726e-02 -1.258368045091629028e-01 -2.547360956668853760e-01 3.475660458207130432e-02 -2.555868029594421387e-01 2.407799512147903442e-01 -4.261157661676406860e-02 1.443684995174407959e-01 -4.951602220535278320e-01 1.496210694313049316e-01 2.249436825513839722e-01 1.589752174913883209e-02 1.557400226593017578e-01 -8.112539350986480713e-02
-2.472673952579498291e-01 -2.110996544361114502e-01 -1.196527034044265747e-01 3.587445318698883057e-01 7.364840060472488403e-02 8.727487921714782715e-02 1.308296173810958862e-01 1.892885714769363403e-01 -1.680426299571990967e-01 -2.524828314781188965e-01 -2.819531261920928955e-01 -2.530238628387451172e-01 -5.234036967158317566e-02 4.807657375931739807e-02 6.483393907546997070e-01 -6.619685888290405273e-02 -9.238336980342864990e-02 -3.986219763755798340e-01 1.777856610715389252e-02 3.537144660949707031e-01
6.415984034538269043e-02 -4.546263441443443298e-02 3.050074167549610138e-02 -1.203653886914253235e-01 6.643992662429809570e-02 3.321043252944946289e-01 -4.218654707074165344e-02 -7.084999233484268188e-02 7.941713184118270874e-02 -2.695839107036590576e-01 3.518046066164970398e-02 3.752380013465881348e-01 -1.977444589138031006e-01 -6.284075230360031128e-02 3.218316286802291870e-02 -1.000121906399726868e-01 2.648919522762298584e-01 -3.968767821788787842e-01 -1.700323671102523804e-01 -2.193580567836761475e-01
