      -4.42968750               3.8571430000000002              2.6293690000000001             10.3333300000000001             25.8333250000000056              1.3999999999999999              1.3999999999999999
      -4.28906250               3.8571430000000002              2.6293690000000001             10.3333300000000001             25.8333250000000056              1.3999999999999999              1.3999999999999999
      -4.14843750               3.8571430000000002              2.6293690000000001             10.3333300000000001             25.8333250000000056              1.3999999999999999              1.3999999999999999
      -4.00781250               3.8571430000000002              2.6293690000000001             10.3333300000000001             25.8333250000000056              1.3999999999999999              1.3999999999999999
      -3.86718750               3.8571429952299670              2.6293690023950078             10.3333299821094382             25.8333249552736000              1.3999999999999999              1.3999999999999999
      -3.72656250               3.8571428295808192              2.6293690855665544             10.3333293608231269             25.8333234020578217              1.3999999999999999              1.3999999999999999
      -3.58593750               3.8571399642876734              2.6293705242157905             10.3333186142133577             25.8332965355333997              1.3999999999999999              1.3999999999999999
      -3.44531250               3.8571066050806655              2.6293872738326334             10.3331934972265547             25.8329837430663929              1.3999999999999999              1.3999999999999999
      -3.30468750               3.8568083611990294              2.6295370318570721             10.3320749456565508             25.8301873641413842              1.3999999999999999              1.3999999999999999
      -3.16406250               3.8545928475366349              2.6306500763785667             10.3237679453876279             25.8094198634690741              1.3999999999999999              1.3999999999999999
      -3.02343750               3.8452213628467251              2.6353624282122237             10.2886513292178172             25.7216283230445484              1.3999999999999999              1.3999999999999999
      -2.88281250               3.8379563170262179              2.6390209180567452             10.2614455880496624             25.6536139701241588              1.3999999999999999              1.3999999999999999
      -2.74218750               3.8413037468918785              2.6373345897126272             10.2739833539793040             25.6849583849482670              1.3999999999999999              1.3999999999999999
      -2.60156250               3.8717560173099894              2.6220511057660256             10.3883257051090716             25.9708142627726843              1.3999999999999999              1.3999999999999999
      -2.46093750               3.9233436277548068              2.5963322745008632             10.5826559110178557             26.4566397775446447              1.3999999999999999              1.3999999999999999
      -2.32031250               3.9329014483701830              2.5916024521213634             10.6187614138950828             26.5469035347377158              1.3999999999999999              1.3999999999999999
      -2.17968750               3.9167573885883860              2.5996145796763761             10.5578725821653858             26.3946814554134690              1.3999999999999999              1.3999999999999999
      -2.03906250               3.8512094743009166              2.6323614315586266             10.3116708271016773             25.7791770677541976              1.3999999999999999              1.3999999999999999
      -1.89843750               3.7750524119494022              2.6708608726629683             10.0273160896217330             25.0682902240543370              1.3999999999999999              1.3999999999999999
      -1.75781250               3.7634062073345356              2.6768107327804431              9.9840395631075420             24.9600989077688631              1.3999999999999999              1.3999999999999999
      -1.61718750               3.7976531627694339              2.6593803569897414             10.1118303689566549             25.2795759223916434              1.3999999999999999              1.3999999999999999
      -1.47656250               3.9036236179903527              2.6059867638430982             10.5096258467080954             26.2740646167702430              1.3999999999999999              1.3999999999999999
      -1.33593750               3.9488926376126514              2.5834842417744337             10.6805907835125069             26.7014769587812744              1.3999999999999999              1.3999999999999999
      -1.19531250               3.9357445620212657              2.5899850726487372             10.6310006511223296             26.5775016278058267              1.3999999999999999              1.3999999999999999
      -1.05468750               3.8700768794416471              2.6226866314780946             10.3840921180252206             25.9602302950630595              1.3999999999999999              1.3999999999999999
      -0.91406250               3.7800670200533597              2.6680726372267629             10.0477749071516076             25.1194372678790252              1.3999999999999999              1.3999999999999999
      -0.77343750               3.7552896937124802              2.6806826776129959              9.9558187801304427             24.8895469503261140              1.3999999999999999              1.3999999999999999
      -0.63281250               3.7791144242063588              2.6684943259191924             10.0447619037586815             25.1119047593967082              1.3999999999999999              1.3999999999999999
      -0.49218750               3.8863309983468386              2.6142469859076947             10.4473867882008271             26.1184669705020767              1.3999999999999999              1.3999999999999999
      -0.35156250               3.9552656042283996              2.5798657900517528             10.7082289641903632             26.7705724104759142              1.3999999999999999              1.3999999999999999
      -0.21093750               3.9471582946098103              2.5837743907105706             10.6781695907186602             26.6954239767966541              1.3999999999999999              1.3999999999999999
      -0.07031250               3.8863752736350170              2.6137936596045130             10.4506013566338432             26.1265033915846132              1.3999999999999999              1.3999999999999999
       0.07031250               3.7874399348913248              2.6631715172358912             10.0836467821585796             25.2091169553964534              1.3999999999999999              1.3999999999999999
       0.21093750               3.7425217387255194              2.6849995406702627              9.9245134417379539             24.8112836043448866              1.3999999999999999              1.3999999999999999
       0.35156250               3.7545327653913163              2.6772891604135083              9.9805221302359772             24.9513053255899493              1.3999999999999999              1.3999999999999999
       0.49218750               3.8494645155788638              2.6274658362193923             10.3479412527357688             25.8698531318394274              1.3999999999999999              1.3999999999999999
       0.63281250               3.9454649706762179              2.5787249310482609             10.7163179058895803             26.7907947647239553              1.3999999999999999              1.3999999999999999
       0.77343750               3.9467402797871074              2.5782421723246096             10.7199197876811301             26.7997994692028314              1.3999999999999999              1.3999999999999999
       0.91406250               3.9002579575730598              2.6028153257278159             10.5328576769743218             26.3321441924358126              1.3999999999999999              1.3999999999999999
       1.05468750               3.7992539384401196              2.6552474557938961             10.1413441126610575             25.3533602816526518              1.3999999999999999              1.3999999999999999
       1.19531250               3.7386245418653719              2.6870370158683490              9.9092771184337973             24.7731927960844942              1.3999999999999999              1.3999999999999999
       1.33593750               3.7504420789144737              2.6817858507677323              9.9472267437463664             24.8680668593659249              1.3999999999999999              1.3999999999999999
       1.47656250               3.8307911783132829              2.6430852876415414             10.2315724355044217             25.5789310887610597              1.3999999999999999              1.3999999999999999
       1.61718750               3.9547896463225700              2.5820024025045645             10.6917209487474558             26.7293023718686449              1.3999999999999999              1.3999999999999999
       1.75781250               3.9728471644250636              2.5714044281524426             10.7736444111249234             26.9341110278123139              1.3999999999999999              1.3999999999999999
       1.89843750               3.9275967722482172              2.5936745639736714             10.6037556273644640             26.5093890684111670              1.3999999999999999              1.3999999999999999
       2.03906250               3.8470148955044507              2.6447841259956415             10.2216343582654403             25.5540858956636079              1.3999999999999999              1.3999999999999999
       2.17968750               3.7618822782602570              2.6897219180194507              9.8898468122178311             24.7246170305445823              1.3999999999999999              1.3999999999999999
       2.32031250               3.6391285892288097              2.6708464524096156              9.7860647307040818             24.4651618267602089              1.3999999999999999              1.3999999999999999
       2.46093750               2.6113756890018953              2.0341852138011811              6.4542290740687163             16.1355726851717947              1.3999999999999999              1.3999999999999999
       2.60156250               1.1372797902473675              0.1136265919814724              1.1462194250035407              2.8655485625088524              1.3999999999999999              1.3999999999999999
       2.74218750               1.1043726790936492              0.0000359669701379              1.0000447372585302              2.5001118431463261              1.3999999999999999              1.3999999999999999
       2.88281250               1.1117499733440364              0.0000000080931842              1.0000000100936617              2.5000000252341548              1.3999999999999999              1.3999999999999999
       3.02343750               1.0733614416770874              0.0000000000023784              1.0000000000028639              2.5000000000071601              1.3999999999999999              1.3999999999999999
       3.16406250               0.9889293613402331              0.0000000000000001              1.0000000000000000              2.5000000000000004              1.3999999999999999              1.3999999999999999
       3.30468750               0.9076442416594149             -0.0000000000000008              0.9999999999999997              2.4999999999999996              1.3999999999999999              1.3999999999999999
       3.44531250               0.8737585540360517             -0.0000000000000004              0.9999999999999996              2.4999999999999996              1.3999999999999999              1.3999999999999999
       3.58593750               0.9088409455258597             -0.0000000000000001              0.9999999999999999              2.5000000000000004              1.3999999999999999              1.3999999999999999
       3.72656250               1.0034467868661527             -0.0000000000000001              1.0000000000000000              2.5000000000000004              1.3999999999999999              1.3999999999999999
       3.86718750               1.1170759849240230             -0.0000000000000002              1.0000000000000000              2.5000000000000004              1.3999999999999999              1.3999999999999999
       4.00781250               1.1856370938515910              0.0000000000000000              1.0000000000000000              2.5000000000000004              1.3999999999999999              1.3999999999999999
       4.14843750               1.1897313022038820              0.0000000000000000              1.0000000000000000              2.5000000000000009              1.3999999999999999              1.3999999999999999
       4.28906250               1.1038265719776148              0.0000000000000000              1.0000000000000000              2.5000000000000004              1.3999999999999999              1.3999999999999999
       4.42968750               0.9686717645859342              0.0000000000000000              1.0000000000000000              2.5000000000000004              1.3999999999999999              1.3999999999999999
