      -4.46484375               3.8571430000000002              2.6293690000000001             10.3333300000000001             25.8333250000000056              1.3999999999999999              1.3999999999999999
      -4.39453125               3.8571430000000002              2.6293690000000001             10.3333300000000001             25.8333250000000056              1.3999999999999999              1.3999999999999999
      -4.32421875               3.8571430000000002              2.6293690000000001             10.3333300000000001             25.8333250000000056              1.3999999999999999              1.3999999999999999
      -4.25390625               3.8571430000000002              2.6293690000000001             10.3333300000000001             25.8333250000000056              1.3999999999999999              1.3999999999999999
      -4.18359375               3.8571430000000002              2.6293690000000001             10.3333300000000001             25.8333250000000056              1.3999999999999999              1.3999999999999999
      -4.11328125               3.8571430000000002              2.6293690000000001             10.3333300000000001             25.8333250000000056              1.3999999999999999              1.3999999999999999
      -4.04296875               3.8571430000000002              2.6293690000000001             10.3333300000000001             25.8333250000000056              1.3999999999999999              1.3999999999999999
      -3.97265625               3.8571430000000011              2.6293689999999992             10.3333300000000037             25.8333250000000163              1.3999999999999999              1.3999999999999999
      -3.90234375               3.8571429999999998              2.6293690000000001             10.3333299999999983             25.8333250000000021              1.3999999999999999              1.3999999999999999
      -3.83203125               3.8571429999999527              2.6293690000000240             10.3333299999998207             25.8333249999995580              1.3999999999999999              1.3999999999999999
      -3.76171875               3.8571429999989548              2.6293690000005245             10.3333299999960779             25.8333249999902002              1.3999999999999999              1.3999999999999999
      -3.69140625               3.8571429999834788              2.6293690000082952             10.3333299999380301             25.8333249998450825              1.3999999999999999              1.3999999999999999
      -3.62109375               3.8571429997939943              2.6293690001034347             10.3333299992273417             25.8333249980683632              1.3999999999999999              1.3999999999999999
      -3.55078125               3.8571429978854446              2.6293690010617068             10.3333299920691086             25.8333249801727796              1.3999999999999999              1.3999999999999999
      -3.48046875               3.8571429816011991              2.6293690092379376             10.3333299309931661             25.8333248274829188              1.3999999999999999              1.3999999999999999
      -3.41015625               3.8571428612745278              2.6293690696533112             10.3333294796940471             25.8333236992351232              1.3999999999999999              1.3999999999999999
      -3.33984375               3.8571420773821696              2.6293694632415199             10.3333265396152001             25.8333163490380073              1.3999999999999999              1.3999999999999999
      -3.26953125               3.8571375041628366              2.6293717594331270             10.3333093872369659             25.8332734680924183              1.3999999999999999              1.3999999999999999
      -3.19921875               3.8571132594642661              2.6293839326467499             10.3332184549964143             25.8330461374910385              1.3999999999999999              1.3999999999999999
      -3.12890625               3.8569947257972905              2.6294434497349646             10.3327738882367939             25.8319347205919883              1.3999999999999999              1.3999999999999999
      -3.05859375               3.8564516300120957              2.6297161772449451             10.3307371028670758             25.8268427571676931              1.3999999999999999              1.3999999999999999
      -2.98828125               3.8540736639612012              2.6309109578260901             10.3218213174387579             25.8045532935968964              1.3999999999999999              1.3999999999999999
      -2.91796875               3.8442157052949417              2.6358724083434342             10.2848925830720823             25.7122314576802111              1.3999999999999999              1.3999999999999999
      -2.84765625               3.8201650734128680              2.6480139650933494             10.1949485255051826             25.4873713137629636              1.3999999999999999              1.3999999999999999
      -2.77734375               3.7911215674767780              2.6627432951039065             10.0865979377600521             25.2164948444001347              1.3999999999999999              1.3999999999999999
      -2.70703125               3.7845925701525860              2.6660685313867902             10.0622819308984095             25.1557048272460300              1.3999999999999999              1.3999999999999999
      -2.63671875               3.7957665155563327              2.6603877091035733             10.1039448485389993             25.2598621213475028              1.3999999999999999              1.3999999999999999
      -2.56640625               3.8692504030698851              2.6233540843465528             10.3795087611825725             25.9487719029564339              1.3999999999999999              1.3999999999999999
      -2.49609375               3.9837435278204998              2.5665653713196961             10.8120840948687462             27.0302102371718718              1.3999999999999999              1.3999999999999999
      -2.42578125               4.0222431018202274              2.5477510343428915             10.9584871250374647             27.3962178125936653              1.3999999999999999              1.3999999999999999
      -2.35546875               4.0186930008174713              2.5494793559872044             10.9449698567933531             27.3624246419833881              1.3999999999999999              1.3999999999999999
      -2.28515625               3.9972405899538059              2.5599307487056788             10.8633358490447396             27.1583396226118587              1.3999999999999999              1.3999999999999999
      -2.21484375               3.9590804583839931              2.5786262950892875             10.7184866383620214             26.7962165959050616              1.3999999999999999              1.3999999999999999
      -2.14453125               3.9156068883268302              2.6000937238394006             10.5541110738327024             26.3852776845817623              1.3999999999999999              1.3999999999999999
      -2.07421875               3.8716945176983382              2.6219731185301951             10.3887998191789261             25.9719995479473198              1.3999999999999999              1.3999999999999999
      -2.00390625               3.8279792902790977              2.6439586799112491             10.2249724548780989             25.5624311371952544              1.3999999999999999              1.3999999999999999
      -1.93359375               3.7828805652218374              2.6668544491107529             10.0567494526603110             25.1418736316507818              1.3999999999999999              1.3999999999999999
      -1.86328125               3.7344041255889304              2.6917001691498035              9.8768168387431707             24.6920420968579286              1.3999999999999999              1.3999999999999999
      -1.79296875               3.6881178812181368              2.7156373657738442              9.7058429725930946             24.2646074314827445              1.3999999999999999              1.3999999999999999
      -1.72265625               3.6726920357325721              2.7236657328986857              9.6490518789233093             24.1226296973082768              1.3999999999999999              1.3999999999999999
      -1.65234375               3.6795067793153047              2.7201123871055577              9.6741590361607059             24.1853975904017702              1.3999999999999999              1.3999999999999999
      -1.58203125               3.7477912654959753              2.6849100304545890              9.9274493176937160             24.8186232942342926              1.3999999999999999              1.3999999999999999
      -1.51171875               3.9238123611431073              2.5959614321776825             10.5873828693721297             26.4684571734303340              1.3999999999999999              1.3999999999999999
      -1.44140625               4.0304718296198274              2.5434526484432074             10.9918280397038224             27.4795700992595613              1.3999999999999999              1.3999999999999999
      -1.37109375               4.0332959210376496              2.5420610669951227             11.0026514506397408             27.5066286265993583              1.3999999999999999              1.3999999999999999
      -1.30078125               4.0195175089454258              2.5487604887657191             10.9501717842068693             27.3754294605171822              1.3999999999999999              1.3999999999999999
      -1.23046875               3.9843061269432241              2.5659558658818820             10.8162328644309813             27.0405821610774595              1.3999999999999999              1.3999999999999999
      -1.16015625               3.9393476125107245              2.5880478262328328             10.6458031990668740             26.6145079976671894              1.3999999999999999              1.3999999999999999
      -1.08984375               3.8914554268730508              2.6118006589415708             10.4650976710699073             26.1627441776747744              1.3999999999999999              1.3999999999999999
      -1.01953125               3.8425816505780381              2.6362834761918164             10.2815954540657444             25.7039886351643680              1.3999999999999999              1.3999999999999999
      -0.94921875               3.7920544616483620              2.6618650804843829             10.0928598011799604             25.2321495029499090              1.3999999999999999              1.3999999999999999
      -0.87890625               3.7387594944018359              2.6891492605672318              9.8948624309842952             24.7371560774607460              1.3999999999999999              1.3999999999999999
      -0.80859375               3.6873284453003192              2.7157556740333040              9.7048145175996900             24.2620362939992305              1.3999999999999999              1.3999999999999999
      -0.73828125               3.6627658602084971              2.7285551954881520              9.6144003447617425             24.0360008619043626              1.3999999999999999              1.3999999999999999
      -0.66796875               3.6650127290710297              2.7273733229998189              9.6226776031292403             24.0566940078231042              1.3999999999999999              1.3999999999999999
      -0.59765625               3.6998838378178722              2.7092834485270609              9.7514900284932295             24.3787250712330774              1.3999999999999999              1.3999999999999999
      -0.52734375               3.8524335677081885              2.6314218991081950             10.3207258974196918             25.8018147435492367              1.3999999999999999              1.3999999999999999
      -0.45703125               4.0154275734794522              2.5504657516870974             10.9366660463507479             27.3416651158768751              1.3999999999999999              1.3999999999999999
      -0.38671875               4.0445949239078622              2.5363058963039991             11.0479182626151200             27.6197956565378071              1.3999999999999999              1.3999999999999999
      -0.31640625               4.0390439669854050              2.5389918245268417             11.0266983734311275             27.5667459335778275              1.3999999999999999              1.3999999999999999
      -0.24609375               4.0122358110191145              2.5519956635247891             10.9244898522469178             27.3112246306173034              1.3999999999999999              1.3999999999999999
      -0.17578125               3.9676010078476391              2.5737985526792762             10.7548963920270033             26.8872409800675172              1.3999999999999999              1.3999999999999999
      -0.10546875               3.9155530465761355              2.5994763492296658             10.5580927886635543             26.3952319716588910              1.3999999999999999              1.3999999999999999
      -0.03515625               3.8607363801324257              2.6268122290169007             10.3520188889218669             25.8800472223046754              1.3999999999999999              1.3999999999999999
       0.03515625               3.8037527944376248              2.6555307505841608             10.1391735433191297             25.3479338582978322              1.3999999999999999              1.3999999999999999
       0.10546875               3.7436500859752706              2.6861641444058186              9.9162213161931057             24.7905532904827695              1.3999999999999999              1.3999999999999999
       0.17578125               3.6850461041869065              2.7163178955170277              9.7006187069905998             24.2515467674765048              1.3999999999999999              1.3999999999999999
       0.24609375               3.6527445946226624              2.7325963140229668              9.5857951085434365             23.9644877713585984              1.3999999999999999              1.3999999999999999
       0.31640625               3.6502126705606455              2.7323159761540259              9.5877773513116935             23.9694433782792373              1.3999999999999999              1.3999999999999999
       0.38671875               3.6680747752124181              2.7210718432920644              9.6672205664868933             24.1680514162172422              1.3999999999999999              1.3999999999999999
       0.45703125               3.7737254807680842              2.6650041955210280             10.0716999553792856             25.1792498884482221              1.3999999999999999              1.3999999999999999
       0.52734375               3.9450547057671290              2.5780179702372985             10.7227467715722469             26.8068669289306243              1.3999999999999999              1.3999999999999999
       0.59765625               4.0349104607498143              2.5349293827150143             11.0567689267651321             27.6419223169128401              1.3999999999999999              1.3999999999999999
       0.66796875               4.0419818905439246              2.5341867702675742             11.0628094795101060             27.6570236987752729              1.3999999999999999              1.3999999999999999
       0.73828125               4.0391569853316263              2.5392247252045466             11.0236954556177054             27.5592386390442670              1.3999999999999999              1.3999999999999999
       0.80859375               4.0109261400178493              2.5566082350000436             10.8883266335896014             27.2208165839740062              1.3999999999999999              1.3999999999999999
       0.87890625               3.9616545870882143              2.5831025528075702             10.6839762815190209             26.7099407037975602              1.3999999999999999              1.3999999999999999
       0.94921875               3.8997804769586928              2.6141135316803621             10.4482108931396542             26.1205272328491418              1.3999999999999999              1.3999999999999999
       1.01953125               3.8341879215059924              2.6469159727301390             10.2033739028262769             25.5084347570657002              1.3999999999999999              1.3999999999999999
       1.08984375               3.7653665454565912              2.6812229852711797              9.9524041147095250             24.8810102867738188              1.3999999999999999              1.3999999999999999
       1.16015625               3.6961564718005526              2.7156670534710416              9.7054434407378718             24.2636086018446839              1.3999999999999999              1.3999999999999999
       1.23046875               3.6563458253554222              2.7361661212175976              9.5608507932386395             23.9021269830966006              1.3999999999999999              1.3999999999999999
       1.30078125               3.6576039087966747              2.7362276979368225              9.5599628871703288             23.8999072179258292              1.3999999999999999              1.3999999999999999
       1.37109375               3.6808244593905157              2.7247217448638268              9.6408148307063417             24.1020370767658605              1.3999999999999999              1.3999999999999999
       1.44140625               3.7696575487468000              2.6784125638145331              9.9727575863028886             24.9318939657572258              1.3999999999999999              1.3999999999999999
       1.51171875               3.8940100333624548              2.6117427996549196             10.4657312569946814             26.1643281424867098              1.3999999999999999              1.3999999999999999
       1.58203125               3.9970522987188040              2.5586686550524771             10.8711294075628491             27.1778235189071324              1.3999999999999999              1.3999999999999999
       1.65234375               4.0603181870505418              2.5315516850376665             11.0829329820254419             27.7073324550636073              1.3999999999999999              1.3999999999999999
       1.72265625               4.0813903434233172              2.5309675189503427             11.0873215800765781             27.7183039501914514              1.3999999999999999              1.3999999999999999
       1.79296875               4.0653569322810110              2.5394119895402092             11.0207674528941695             27.5519186322354273              1.3999999999999999              1.3999999999999999
       1.86328125               3.9833243802216400              2.5645550683839975             10.8254362247988514             27.0635905619971346              1.3999999999999999              1.3999999999999999
       1.93359375               3.8802738942881900              2.5973142306847636             10.5773589258728862             26.4433973146822225              1.3999999999999999              1.3999999999999999
       2.00390625               3.8100188292361090              2.6373186891890383             10.2823987968549844             25.7059969921374680              1.3999999999999999              1.3999999999999999
       2.07421875               3.8214685080230177              2.6773275577614815              9.9924040922224098             24.9810102305560306              1.3999999999999999              1.3999999999999999
       2.14453125               3.8240672560736222              2.7156932464424002              9.7138725051150665             24.2846812627876716              1.3999999999999999              1.3999999999999999
       2.21484375               3.7523151366415757              2.7413806399080407              9.5267421973393294             23.8168554933483279              1.3999999999999999              1.3999999999999999
       2.28515625               3.5156442052445405              2.7399018320244477              9.5055127674469020             23.7637819186172621              1.3999999999999999              1.3999999999999999
       2.35546875               3.0182530806436332              2.5708523594584913              8.6769782832142077             21.6924457080355246              1.3999999999999999              1.3999999999999999
       2.42578125               1.5168131984324633              1.1484959840316429              3.1100984035062580              7.7752460087656470              1.3999999999999999              1.3999999999999999
       2.49609375               0.9925946207559315              0.0032929406641036              1.0033024038778531              2.5082560096946329              1.3999999999999999              1.3999999999999999
       2.56640625               1.0506390558115395              0.0000012804148361              1.0000015562827933              2.5000038907069841              1.3999999999999999              1.3999999999999999
       2.63671875               1.1098436905949511              0.0000000002464575              1.0000000003113192              2.5000000007782983              1.3999999999999999              1.3999999999999999
       2.70703125               1.1548972053321751              0.0000000000000526              1.0000000000000664              2.5000000000001665              1.3999999999999999              1.3999999999999999
       2.77734375               1.1787049367735856              0.0000000000000002              0.9999999999999992              2.4999999999999982              1.3999999999999999              1.3999999999999999
       2.84765625               1.1845273135005459              0.0000000000000003              0.9999999999999990              2.4999999999999982              1.3999999999999999              1.3999999999999999
       2.91796875               1.1708636407376367              0.0000000000000002              0.9999999999999991              2.4999999999999982              1.3999999999999999              1.3999999999999999
       2.98828125               1.1330190543809002              0.0000000000000001              0.9999999999999991              2.4999999999999982              1.3999999999999999              1.3999999999999999
       3.05859375               1.0770064415164502             -0.0000000000000001              0.9999999999999990              2.4999999999999978              1.3999999999999999              1.3999999999999999
       3.12890625               1.0109743417979140             -0.0000000000000000              0.9999999999999991              2.4999999999999982              1.3999999999999999              1.3999999999999999
       3.19921875               0.9441597584065905              0.0000000000000001              0.9999999999999990              2.4999999999999978              1.3999999999999999              1.3999999999999999
       3.26953125               0.8856865462498063             -0.0000000000000001              0.9999999999999991              2.4999999999999982              1.3999999999999999              1.3999999999999999
       3.33984375               0.8433902053801193             -0.0000000000000002              0.9999999999999991              2.4999999999999982              1.3999999999999999              1.3999999999999999
       3.41015625               0.8228640405052591             -0.0000000000000002              0.9999999999999990              2.4999999999999982              1.3999999999999999              1.3999999999999999
       3.48046875               0.8187436302030164             -0.0000000000000002              0.9999999999999992              2.4999999999999987              1.3999999999999999              1.3999999999999999
       3.55078125               0.8319456887724632             -0.0000000000000003              0.9999999999999991              2.4999999999999987              1.3999999999999999              1.3999999999999999
       3.62109375               0.8688969251151971             -0.0000000000000005              0.9999999999999992              2.4999999999999987              1.3999999999999999              1.3999999999999999
       3.69140625               0.9244734122405861             -0.0000000000000003              0.9999999999999992              2.4999999999999987              1.3999999999999999              1.3999999999999999
       3.76171875               0.9915709602124643             -0.0000000000000006              0.9999999999999993              2.4999999999999987              1.3999999999999999              1.3999999999999999
       3.83203125               1.0617224629664650             -0.0000000000000009              0.9999999999999991              2.4999999999999982              1.3999999999999999              1.3999999999999999
       3.90234375               1.1256536855896462             -0.0000000000000009              0.9999999999999992              2.4999999999999987              1.3999999999999999              1.3999999999999999
       3.97265625               1.1736580017826312             -0.0000000000000007              0.9999999999999992              2.4999999999999987              1.3999999999999999              1.3999999999999999
       4.04296875               1.1957914688768398              0.0000000000000000              1.0000000000000000              2.5000000000000004              1.3999999999999999              1.3999999999999999
       4.11328125               1.1978706122016491              0.0000000000000000              1.0000000000000000              2.5000000000000000              1.3999999999999999              1.3999999999999999
       4.18359375               1.1757445555960953              0.0000000000000000              1.0000000000000000              2.5000000000000004              1.3999999999999999              1.3999999999999999
       4.25390625               1.1321199446698971              0.0000000000000000              1.0000000000000000              2.5000000000000004              1.3999999999999999              1.3999999999999999
       4.32421875               1.0723333092776084              0.0000000000000000              1.0000000000000000              2.5000000000000004              1.3999999999999999              1.3999999999999999
       4.39453125               1.0036982542377115              0.0000000000000000              1.0000000000000000              2.5000000000000004              1.3999999999999999              1.3999999999999999
       4.46484375               0.9346107975894047              0.0000000000000000              1.0000000000000000              2.5000000000000004              1.3999999999999999              1.3999999999999999
