       0.00390625               1.0000000000000000              0.0000000000000000              1.0000000000000000              2.5000000000000004              1.3999999999999999              1.3999999999999999
       0.01171875               1.0000000000000000              0.0000000000000000              1.0000000000000000              2.5000000000000004              1.3999999999999999              1.3999999999999999
       0.01953125               0.9999999999999998              0.0000000000000002              0.9999999999999996              2.4999999999999996              1.3999999999999999              1.3999999999999999
       0.02734375               0.9999999999999980              0.0000000000000024              0.9999999999999971              2.4999999999999933              1.3999999999999999              1.3999999999999999
       0.03515625               0.9999999999999818              0.0000000000000215              0.9999999999999744              2.4999999999999365              1.3999999999999999              1.3999999999999999
       0.04296875               0.9999999999998528              0.0000000000001742              0.9999999999997941              2.4999999999994857              1.3999999999999999              1.3999999999999999
       0.05078125               0.9999999999989416              0.0000000000012523              0.9999999999985185              2.4999999999962967              1.3999999999999999              1.3999999999999999
       0.05859375               0.9999999999931628              0.0000000000080900              0.9999999999904279              2.4999999999760703              1.3999999999999999              1.3999999999999999
       0.06640625               0.9999999999600351              0.0000000000472873              0.9999999999440489              2.4999999998601230              1.3999999999999999              1.3999999999999999
       0.07421875               0.9999999997873857              0.0000000002515687              0.9999999997023400              2.4999999992558504              1.3999999999999999              1.3999999999999999
       0.08203125               0.9999999989653517              0.0000000012242123              0.9999999985514922              2.4999999963787309              1.3999999999999999              1.3999999999999999
       0.08984375               0.9999999953744828              0.0000000054729856              0.9999999935242757              2.4999999838106897              1.3999999999999999              1.3999999999999999
       0.09765625               0.9999999809311121              0.0000000225626121              0.9999999733035573              2.4999999332588936              1.3999999999999999              1.3999999999999999
       0.10546875               0.9999999272704613              0.0000000860547479              0.9999998981786524              2.4999997454466318              1.3999999999999999              1.3999999999999999
       0.11328125               0.9999997426259446              0.0000003045290631              0.9999996396763988              2.4999990991909975              1.3999999999999999              1.3999999999999999
       0.12109375               0.9999991527988135              0.0000010024217615              0.9999988139190800              2.4999970347977003              1.3999999999999999              1.3999999999999999
       0.12890625               0.9999974001506720              0.0000030761819798              0.9999963602172341              2.4999909005430858              1.3999999999999999              1.3999999999999999
       0.13671875               0.9999925473267370              0.0000088181165132              0.9999895663043289              2.4999739157608230              1.3999999999999999              1.3999999999999999
       0.14453125               0.9999800084203019              0.0000236543464708              0.9999720120959942              2.4999300302399856              1.3999999999999999              1.3999999999999999
       0.15234375               0.9999497374851873              0.0000594715103510              0.9999296342597205              2.4998240856493021              1.3999999999999999              1.3999999999999999
       0.16015625               0.9998813865506861              0.0001403466761892              0.9998339502924236              2.4995848757310597              1.3999999999999999              1.3999999999999999
       0.16796875               0.9997369075873558              0.0003113051947263              0.9996317120872074              2.4990792802180191              1.3999999999999999              1.3999999999999999
       0.17578125               0.9994507756725119              0.0006499078810981              0.9992312536486383              2.4980781341215965              1.3999999999999999              1.3999999999999999
       0.18359375               0.9989193912388745              0.0012788582909799              0.9984877530126514              2.4962193825316290              1.3999999999999999              1.3999999999999999
       0.19140625               0.9979929968424199              0.0023757662594436              0.9971921515354917              2.4929803788387295              1.3999999999999999              1.3999999999999999
       0.19921875               0.9964747118602644              0.0041747748147849              0.9950702786074666              2.4876756965186670              1.3999999999999999              1.3999999999999999
       0.20703125               0.9941307664666228              0.0069554233712216              0.9917979821876460              2.4794949554691157              1.3999999999999999              1.3999999999999999
       0.21484375               0.9907129523676710              0.0110176756505737              0.9870336671750461              2.4675841679376158              1.3999999999999999              1.3999999999999999
       0.22265625               0.9859895253431559              0.0166474395778783              0.9804627537616760              2.4511568844041904              1.3999999999999999              1.3999999999999999
       0.23046875               0.9797767393876163              0.0240813299941540              0.9718427113063317              2.4296067782658297              1.3999999999999999              1.3999999999999999
       0.23828125               0.9719623885183573              0.0334801348416891              0.9610361796319348              2.4025904490798373              1.3999999999999999              1.3999999999999999
       0.24609375               0.9625157675517078              0.0449169796681782              0.9480241436117489              2.3700603590293730              1.3999999999999999              1.3999999999999999
       0.25390625               0.9514834864927004              0.0583807127577026              0.9328984891213821              2.3322462228034557              1.3999999999999999              1.3999999999999999
       0.26171875               0.9389748311899059              0.0737905314064132              0.9158394970379545              2.2895987425948867              1.3999999999999999              1.3999999999999999
       0.26953125               0.9251421760083549              0.0910160295775836              0.8970864477710784              2.2427161194276963              1.3999999999999999              1.3999999999999999
       0.27734375               0.9101614001170605              0.1098974814236520              0.8769086276096473              2.1922715690241183              1.3999999999999999              1.3999999999999999
       0.28515625               0.8942154657910765              0.1302630572845413              0.8555813277216547              2.1389533193041372              1.3999999999999999              1.3999999999999999
       0.29296875               0.8774824317736780              0.1519416136864100              0.8333686134818419              2.0834215337046054              1.3999999999999999              1.3999999999999999
       0.30078125               0.8601278238857751              0.1747710827548937              0.8105126446147551              2.0262816115368882              1.3999999999999999              1.3999999999999999
       0.30859375               0.8423005851720745              0.1986032058718786              0.7872283104615758              1.9680707761539400              1.3999999999999999              1.3999999999999999
       0.31640625               0.8241316245133159              0.2233055740977463              0.7637016704985443              1.9092541762463615              1.3999999999999999              1.3999999999999999
       0.32421875               0.8057340619210838              0.2487618702429111              0.7400908330688454              1.8502270826721139              1.3999999999999999              1.3999999999999999
       0.33203125               0.7872044621549269              0.2748710228784102              0.7165282113066851              1.7913205282667128              1.3999999999999999              1.3999999999999999
       0.33984375               0.7686245558105284              0.3015457807024899              0.6931234153350525              1.7328085383376317              1.3999999999999999              1.3999999999999999
       0.34765625               0.7500631230399025              0.3287110422825354              0.6699663074704584              1.6749157686761462              1.3999999999999999              1.3999999999999999
       0.35546875               0.7315778469059887              0.3563021445436821              0.6471299452137652              1.6178248630344134              1.3999999999999999              1.3999999999999999
       0.36328125               0.7132170342714259              0.3842632209512632              0.6246732715544400              1.5616831788861003              1.3999999999999999              1.3999999999999999
       0.37109375               0.6950211609073403              0.4125456788612797              0.6026434977972043              1.5066087444930110              1.3999999999999999              1.3999999999999999
       0.37890625               0.6770242335123610              0.4411068059661135              0.5810781752821266              1.4526954382053168              1.3999999999999999              1.3999999999999999
       0.38671875               0.6592549824025052              0.4699084903031657              0.5600069810047241              1.4000174525118105              1.3999999999999999              1.3999999999999999
       0.39453125               0.6417379107489410              0.4989160206249069              0.5394532571941695              1.3486331429854241              1.3999999999999999              1.3999999999999999
       0.40234375               0.6244942338192461              0.5280969189109445              0.5194353527602156              1.2985883819005393              1.3999999999999999              1.3999999999999999
       0.41015625               0.6075427481292107              0.5574197397080217              0.4999678198121221              1.2499195495303055              1.3999999999999999              1.3999999999999999
       0.41796875               0.5909006788107918              0.5868527464304308              0.4810625249706025              1.2026563124265066              1.3999999999999999              1.3999999999999999
       0.42578125               0.5745845674213018              0.6163623350829186              0.4627297468630131              1.1568243671575331              1.3999999999999999              1.3999999999999999
       0.43359375               0.5586112871780290              0.6459110083366567              0.4449793534204017              1.1124483835510044              1.3999999999999999              1.3999999999999999
       0.44140625               0.5429993174725529              0.6754545842865463              0.4278221945034953              1.0695554862587386              1.3999999999999999              1.3999999999999999
       0.44921875               0.5277704920944027              0.7049381098854191              0.4112719241146173              1.0281798102865434              1.3999999999999999              1.3999999999999999
       0.45703125               0.5129525910032746              0.7342895494691675              0.3953476161705942              0.9883690404264855              1.3999999999999999              1.3999999999999999
       0.46484375               0.4985834465159484              0.7634095482185843              0.3800778293497790              0.9501945733744478              1.3999999999999999              1.3999999999999999
       0.47265625               0.4847178363820714              0.7921540328806844              0.3655073608910575              0.9137684022276438              1.3999999999999999              1.3999999999999999
       0.48046875               0.4714396712064406              0.8203032555216994              0.3517091313264256              0.8792728283160643              1.3999999999999999              1.3999999999999999
       0.48828125               0.4588845364365641              0.8475043517957113              0.3388061322262003              0.8470153305655009              1.3999999999999999              1.3999999999999999
       0.49609375               0.4472826249261864              0.8731617048992226              0.3270132373432188              0.8175330933580472              1.3999999999999999              1.3999999999999999
       0.50390625               0.4370389459117409              0.8962316000773597              0.3167154246934987              0.7917885617337469              1.3999999999999999              1.3999999999999999
       0.51171875               0.4288559439435407              0.9149062398050635              0.3085875854783000              0.7714689636957502              1.3999999999999999              1.3999999999999999
       0.51953125               0.4237372717680625              0.9265877089338248              0.3035976149782934              0.7589940374457336              1.3999999999999999              1.3999999999999999
       0.52734375               0.4220830572563313              0.9301020380010735              0.3021129456064385              0.7552823640160965              1.3999999999999999              1.3999999999999999
       0.53515625               0.4219942738464591              0.9298529421689251              0.3022221061947225              0.7555552654868064              1.3999999999999999              1.3999999999999999
       0.54296875               0.4219569859106775              0.9294111363602152              0.3024130235364569              0.7560325588411425              1.3999999999999999              1.3999999999999999
       0.55078125               0.4218303234234998              0.9290930164505103              0.3025520086933940              0.7563800217334852              1.3999999999999999              1.3999999999999999
       0.55859375               0.4216157672017306              0.9288702493387379              0.3026510420999479              0.7566276052498699              1.3999999999999999              1.3999999999999999
       0.56640625               0.4213142638774743              0.9287042118419819              0.3027264804344134              0.7568162010860335              1.3999999999999999              1.3999999999999999
       0.57421875               0.4209115414552856              0.9285731896201252              0.3027875438057649              0.7569688595144125              1.3999999999999999              1.3999999999999999
       0.58203125               0.4203753544625449              0.9284662018767075              0.3028389204798061              0.7570973011995155              1.3999999999999999              1.3999999999999999
       0.58984375               0.4196498453451988              0.9283768183899804              0.3028833789807530              0.7572084474518828              1.3999999999999999              1.3999999999999999
       0.59765625               0.4186451883305068              0.9283010486432347              0.3029226593720202              0.7573066484300507              1.3999999999999999              1.3999999999999999
       0.60546875               0.4172251291675926              0.9282366466484071              0.3029577662611964              0.7573944156529910              1.3999999999999999              1.3999999999999999
       0.61328125               0.4151972636658863              0.9281822619255431              0.3029893262081730              0.7574733155204327              1.3999999999999999              1.3999999999999999
       0.62109375               0.4123131117173975              0.9281367243515590              0.3030178873719698              0.7575447184299247              1.3999999999999999              1.3999999999999999
       0.62890625               0.4082862369308590              0.9280989625834810              0.3030439515008481              0.7576098787521204              1.3999999999999999              1.3999999999999999
       0.63671875               0.4028339140533805              0.9280682035738590              0.3030678892948871              0.7576697232372178              1.3999999999999999              1.3999999999999999
       0.64453125               0.3957391963469082              0.9280439392991289              0.3030899564051579              0.7577248910128949              1.3999999999999999              1.3999999999999999
       0.65234375               0.3869184278721352              0.9280257004997905              0.3031103914978171              0.7577759787445428              1.3999999999999999              1.3999999999999999
       0.66015625               0.3764714118620462              0.9280129761587625              0.3031294535271002              0.7578236338177508              1.3999999999999999              1.3999999999999999
       0.66796875               0.3646940641781167              0.9280053247093054              0.3031473811421523              0.7578684528553810              1.3999999999999999              1.3999999999999999
       0.67578125               0.3520464745119641              0.9280024557411083              0.3031643666861238              0.7579109167153099              1.3999999999999999              1.3999999999999999
       0.68359375               0.3390858113573848              0.9280041730979538              0.3031805858160841              0.7579514645402105              1.3999999999999999              1.3999999999999999
       0.69140625               0.3263845614744744              0.9280102899508078              0.3031962343281767              0.7579905858204419              1.3999999999999999              1.3999999999999999
       0.69921875               0.3144557196784562              0.9280206347077207              0.3032115263584101              0.7580288158960253              1.3999999999999999              1.3999999999999999
       0.70703125               0.3036996028834449              0.9280351180407075              0.3032266692975582              0.7580666732438958              1.3999999999999999              1.3999999999999999
       0.71484375               0.2943773080889580              0.9280537586759547              0.3032418548742163              0.7581046371855411              1.3999999999999999              1.3999999999999999
       0.72265625               0.2866081915887616              0.9280766399716217              0.3032572741868332              0.7581431854670831              1.3999999999999999              1.3999999999999999
       0.73046875               0.2803850102721559              0.9281038635998449              0.3032731311408942              0.7581828278522357              1.3999999999999999              1.3999999999999999
       0.73828125               0.2755998892440980              0.9281355540810783              0.3032896361156847              0.7582240902892118              1.3999999999999999              1.3999999999999999
       0.74609375               0.2720753687684915              0.9281718910709715              0.3033069886840316              0.7582674717100791              1.3999999999999999              1.3999999999999999
       0.75390625               0.2695960490375031              0.9282131098312834              0.3033253685492633              0.7583134213731585              1.3999999999999999              1.3999999999999999
       0.76171875               0.2679372774422263              0.9282594506414903              0.3033449376612716              0.7583623441531793              1.3999999999999999              1.3999999999999999
       0.76953125               0.2668881053540421              0.9283110844071972              0.3033658347855749              0.7584145869639375              1.3999999999999999              1.3999999999999999
       0.77734375               0.2662667525754788              0.9283679882744238              0.3033881313134329              0.7584703282835823              1.3999999999999999              1.3999999999999999
       0.78515625               0.2659281178533324              0.9284294741621819              0.3034116540434608              0.7585291351086521              1.3999999999999999              1.3999999999999999
       0.79296875               0.2657640280965173              0.9284918991072860              0.3034352129843653              0.7585880324609133              1.3999999999999999              1.3999999999999999
       0.80078125               0.2656967436974360              0.9285375766478453              0.3034528931130247              0.7586322327825619              1.3999999999999999              1.3999999999999999
       0.80859375               0.2656609294751620              0.9284811062050803              0.3034360360977548              0.7585900902443873              1.3999999999999999              1.3999999999999999
       0.81640625               0.2655422906419715              0.9279120084563356              0.3032468354856097              0.7581170887140245              1.3999999999999999              1.3999999999999999
       0.82421875               0.2649216704666075              0.9249046618048020              0.3022401883155294              0.7556004707888236              1.3999999999999999              1.3999999999999999
       0.83203125               0.2620661068117260              0.9111639733981181              0.2976708268002526              0.7441770670006317              1.3999999999999999              1.3999999999999999
       0.83984375               0.2512991950119979              0.8583906667454100              0.2806590433578385              0.7016476083945964              1.3999999999999999              1.3999999999999999
       0.84765625               0.2225938031422426              0.7070130210125869              0.2364496511039475              0.5911241277598689              1.3999999999999999              1.3999999999999999
       0.85546875               0.1763562041154585              0.4186812687059777              0.1686404939976936              0.4216012349942341              1.3999999999999999              1.3999999999999999
       0.86328125               0.1396841835639749              0.1304148689392073              0.1182964695921383              0.2957411739803459              1.3999999999999999              1.3999999999999999
       0.87109375               0.1273634607666963              0.0206378471727520              0.1027477222789562              0.2568693056973905              1.3999999999999999              1.3999999999999999
       0.87890625               0.1252871158650938              0.0024485224082837              0.1003240751217701              0.2508101878044254              1.3999999999999999              1.3999999999999999
       0.88671875               0.1250324349643079              0.0002749374667263              0.1000363726320229              0.2500909315800574              1.3999999999999999              1.3999999999999999
       0.89453125               0.1250036022999250              0.0000305038413019              0.1000040353004631              0.2500100882511578              1.3999999999999999              1.3999999999999999
       0.90234375               0.1250003959065949              0.0000033519844753              0.1000004434261183              0.2500011085652958              1.3999999999999999              1.3999999999999999
       0.91015625               0.1250000429313881              0.0000003634756039              0.1000000480833056              0.2500001202082641              1.3999999999999999              1.3999999999999999
       0.91796875               0.1250000045681200              0.0000000386755659              0.1000000051162965              0.2500000127907413              1.3999999999999999              1.3999999999999999
       0.92578125               0.1250000004735806              0.0000000040095249              0.1000000005304103              0.2500000013260258              1.3999999999999999              1.3999999999999999
       0.93359375               0.1250000000474283              0.0000000004015474              0.1000000000531198              0.2500000001327994              1.3999999999999999              1.3999999999999999
       0.94140625               0.1250000000045436              0.0000000000384683              0.1000000000050889              0.2500000000127223              1.3999999999999999              1.3999999999999999
       0.94921875               0.1250000000004118              0.0000000000034868              0.1000000000004613              0.2500000000011532              1.3999999999999999              1.3999999999999999
       0.95703125               0.1250000000000349              0.0000000000002955              0.1000000000000391              0.2500000000000978              1.3999999999999999              1.3999999999999999
       0.96484375               0.1250000000000027              0.0000000000000231              0.1000000000000031              0.2500000000000078              1.3999999999999999              1.3999999999999999
       0.97265625               0.1250000000000002              0.0000000000000017              0.1000000000000002              0.2500000000000006              1.3999999999999999              1.3999999999999999
       0.98046875               0.1250000000000000              0.0000000000000001              0.1000000000000000              0.2500000000000001              1.3999999999999999              1.3999999999999999
       0.98828125               0.1250000000000000              0.0000000000000000              0.1000000000000000              0.2500000000000001              1.3999999999999999              1.3999999999999999
       0.99609375               0.1250000000000000              0.0000000000000000              0.1000000000000000              0.2500000000000001              1.3999999999999999              1.3999999999999999
