      -4.35937500               3.8571430000000002              2.6293690000000001             10.3333300000000001             25.8333250000000056              1.3999999999999999              1.3999999999999999
      -4.07812500               3.8571430000000002              2.6293690000000001             10.3333300000000001             25.8333250000000056              1.3999999999999999              1.3999999999999999
      -3.79687500               3.8570780328974683              2.6294016201149590             10.3330863356920215             25.8327158392300618              1.3999999999999999              1.3999999999999999
      -3.51562500               3.8556457596256042              2.6301208967193737             10.3277153346380572             25.8192883365951502              1.3999999999999999              1.3999999999999999
      -3.23437500               3.8525388511323393              2.6316816834240861             10.3160666392140001             25.7901665980350074              1.3999999999999999              1.3999999999999999
      -2.95312500               3.8535672111096719              2.6311648496791711             10.3199226053516728             25.7998065133791883              1.3999999999999999              1.3999999999999999
      -2.67187500               3.8550705464757109              2.6304094007245267             10.3255603566185385             25.8139008915463535              1.3999999999999999              1.3999999999999999
      -2.39062500               3.8486811310734290              2.6336212475343559             10.3016214180537666             25.7540535451344219              1.3999999999999999              1.3999999999999999
      -2.10937500               3.8337964059733589              2.6411146868535123             10.2459048272937618             25.6147620682344090              1.3999999999999999              1.3999999999999999
      -1.82812500               3.8378001892350810              2.6390955726741026             10.2609058373659217             25.6522645934148130              1.3999999999999999              1.3999999999999999
      -1.54687500               3.8582447977893422              2.6287997155920890             10.3375764276300703             25.8439410690751821              1.3999999999999999              1.3999999999999999
      -1.26562500               3.8581964282234069              2.6288189306986522             10.3374268319873810             25.8435670799684623              1.3999999999999999              1.3999999999999999
      -0.98437500               3.8525641502648278              2.6316372426910584             10.3163801977810543             25.7909504944526446              1.3999999999999999              1.3999999999999999
      -0.70312500               3.8583130173535709              2.6287216929778197             10.3381452131645712             25.8453630329114326              1.3999999999999999              1.3999999999999999
      -0.42187500               3.8623006375333846              2.6265901107764194             10.3540685885859123             25.8851714714647869              1.3999999999999999              1.3999999999999999
      -0.14062500               3.8500485830887148              2.6318467481556791             10.3148174979083329             25.7870437447708412              1.3999999999999999              1.3999999999999999
       0.14062500               3.8313020181453514              2.6365299369642177             10.2799699246710610             25.6999248116776613              1.3999999999999999              1.3999999999999999
       0.42187500               3.8306470859490873              2.6281833903725742             10.3420612916076795             25.8551532290192014              1.3999999999999999              1.3999999999999999
       0.70312500               3.8297452449496956              2.6230161867134560             10.3805005944001838             25.9512514860004657              1.3999999999999999              1.3999999999999999
       0.98437500               3.8210699170062665              2.6271039403792766             10.3500224043326288             25.8750560108315781              1.3999999999999999              1.3999999999999999
       1.26562500               3.8228823713235860              2.6290167130493374             10.3357879150222089             25.8394697875555295              1.3999999999999999              1.3999999999999999
       1.54687500               3.8408889275370126              2.6277096723988755             10.3455408961867796             25.8638522404669544              1.3999999999999999              1.3999999999999999
       1.82812500               3.8550844229108394              2.6277752707722826             10.3442764996929526             25.8606912492323886              1.3999999999999999              1.3999999999999999
       2.10937500               3.8205627463803853              2.6317809113521449             10.2144460677440794             25.5361151693602046              1.3999999999999999              1.3999999999999999
       2.39062500               3.2077984472975851              2.3072042943867723              8.1154033552530898             20.2885083881327262              1.3999999999999999              1.3999999999999999
       2.67187500               1.3671822324410103              0.6565192327588498              2.0504758904969753              5.1261897262424387              1.3999999999999999              1.3999999999999999
       2.95312500               1.0144332884871314              0.0007648694808296              1.0009106192246615              2.5022765480616540              1.3999999999999999              1.3999999999999999
       3.23437500               1.0125452927368057              0.0000001635929126              1.0000001946470878              2.5000004866177199              1.3999999999999999              1.3999999999999999
       3.51562500               1.0339058803503272              0.0000000000480422              1.0000000000584068              2.5000000001460179              1.3999999999999999              1.3999999999999999
       3.79687500               1.1154611423327259              0.0000000000000105              1.0000000000000133              2.5000000000000342              1.3999999999999999              1.3999999999999999
       4.07812500               1.1999116355783102              0.0000000000000000              1.0000000000000000              2.5000000000000004              1.3999999999999999              1.3999999999999999
       4.35937500               1.0386107652946468              0.0000000000000000              1.0000000000000000              2.5000000000000004              1.3999999999999999              1.3999999999999999
