      -4.46484375               3.8571430000000002              2.6293690000000001             10.3333300000000001             25.8333250000000056              1.3999999999999999              1.3999999999999999
      -4.39453125               3.8571430000000002              2.6293690000000001             10.3333300000000001             25.8333250000000056              1.3999999999999999              1.3999999999999999
      -4.32421875               3.8571430000000002              2.6293690000000001             10.3333300000000001             25.8333250000000056              1.3999999999999999              1.3999999999999999
      -4.25390625               3.8571430000000002              2.6293690000000001             10.3333300000000001             25.8333250000000056              1.3999999999999999              1.3999999999999999
      -4.18359375               3.8571430000000002              2.6293690000000001             10.3333300000000001             25.8333250000000056              1.3999999999999999              1.3999999999999999
      -4.11328125               3.8571430000000002              2.6293690000000001             10.3333300000000001             25.8333250000000056              1.3999999999999999              1.3999999999999999
      -4.04296875               3.8571430000000002              2.6293690000000001             10.3333300000000001             25.8333250000000056              1.3999999999999999              1.3999999999999999
      -3.97265625               3.8571429984461103              2.6293690007801991             10.3333299941719616             25.8333249854299112              1.3999999999999999              1.3999999999999999
      -3.90234375               3.8571429677346738              2.6293690162002461             10.3333298789851575             25.8333246974628992              1.3999999999999999              1.3999999999999999
      -3.83203125               3.8571426671528228              2.6293691671207760             10.3333287516181116             25.8333218790452861              1.3999999999999999              1.3999999999999999
      -3.76171875               3.8571407257934673              2.6293701418670037             10.3333214703263661             25.8333036758159196              1.3999999999999999              1.3999999999999999
      -3.69140625               3.8571314235862362              2.6293748124595901             10.3332865813582373             25.8332164533956004              1.3999999999999999              1.3999999999999999
      -3.62109375               3.8570961812018680              2.6293925075469575             10.3331544012983336             25.8328860032458394              1.3999999999999999              1.3999999999999999
      -3.55078125               3.8569863262327679              2.6294476660048032             10.3327423836314853             25.8318559590787196              1.3999999999999999              1.3999999999999999
      -3.48046875               3.8566969059335205              2.6295929894638590             10.3316569252672874             25.8291423131682230              1.3999999999999999              1.3999999999999999
      -3.41015625               3.8560400467204414              2.6299228378303954             10.3291935575267093             25.8229838938167831              1.3999999999999999              1.3999999999999999
      -3.33984375               3.8547379327204210              2.6305768211895564             10.3243109516763028             25.8107773791907604              1.3999999999999999              1.3999999999999999
      -3.26953125               3.8524611238598503              2.6317207179681250             10.3157753622132073             25.7894384055330264              1.3999999999999999              1.3999999999999999
      -3.19921875               3.8489281789981624              2.6334966868215108             10.3025351874224178             25.7563379685560463              1.3999999999999999              1.3999999999999999
      -3.12890625               3.8440573431261491              2.6359471957425278             10.2842899022880090             25.7107247557200296              1.3999999999999999              1.3999999999999999
      -3.05859375               3.8381332317763244              2.6389308212839273             10.2621124921493987             25.6552812303735038              1.3999999999999999              1.3999999999999999
      -2.98828125               3.8319349988088836              2.6420564123454895             10.2389237723605753             25.5973094309014471              1.3999999999999999              1.3999999999999999
      -2.91796875               3.8267664377455892              2.6446659559205403             10.2195981792504078             25.5489954481260249              1.3999999999999999              1.3999999999999999
      -2.84765625               3.8243194624324452              2.6459024423687527             10.2104521624335121             25.5261304060837872              1.3999999999999999              1.3999999999999999
      -2.77734375               3.8262945144458493              2.6449038374902729             10.2178375466387426             25.5445938665968626              1.3999999999999999              1.3999999999999999
      -2.70703125               3.8337506674263153              2.6411372849775070             10.2457341271333320             25.6143353178333371              1.3999999999999999              1.3999999999999999
      -2.63671875               3.8463487930071669              2.6347853153318086             10.2929253202940512             25.7323133007351323              1.3999999999999999              1.3999999999999999
      -2.56640625               3.8619388840102933              2.6269469904493068             10.3514146299564960             25.8785365748912426              1.3999999999999999              1.3999999999999999
      -2.49609375               3.8769905106338336              2.6194035571844365             10.4079725787626991             26.0199314469067531              1.3999999999999999              1.3999999999999999
      -2.42578125               3.8878418911223909              2.6139802580563964             10.4487991853841944             26.1219979634604904              1.3999999999999999              1.3999999999999999
      -2.35546875               3.8920237289109001              2.6118931449732075             10.4645477210933908             26.1613693027334833              1.3999999999999999              1.3999999999999999
      -2.28515625               3.8888624436573833              2.6134676825162133             10.4526624846394114             26.1316562115985320              1.3999999999999999              1.3999999999999999
      -2.21484375               3.8792487951616952              2.6182640562263773             10.4165291366454653             26.0413228416136704              1.3999999999999999              1.3999999999999999
      -2.14453125               3.8650313597156565              2.6253741547084073             10.3631609921113821             25.9079024802784623              1.3999999999999999              1.3999999999999999
      -2.07421875               3.8484922323933830              2.6336710490424062             10.3011802829221324             25.7529507073053381              1.3999999999999999              1.3999999999999999
      -2.00390625               3.8320681050482817              2.6419383167791732             10.2397372183837945             25.5993430459594933              1.3999999999999999              1.3999999999999999
      -1.93359375               3.8182486812432290              2.6489165385504325             10.1881200181319791             25.4703000453299531              1.3999999999999999              1.3999999999999999
      -1.86328125               3.8094861130067703              2.6533512487367337             10.1554335861474296             25.3885839653685821              1.3999999999999999              1.3999999999999999
      -1.79296875               3.8079247200794439              2.6541392842871128             10.1496331762288765             25.3740829405721975              1.3999999999999999              1.3999999999999999
      -1.72265625               3.8148135894797757              2.6506414604667645             10.1753863267988098             25.4384658169970308              1.3999999999999999              1.3999999999999999
      -1.65234375               3.8296928050719199              2.6431058356194459             10.2310575642527937             25.5776439106319877              1.3999999999999999              1.3999999999999999
      -1.58203125               3.8498520739314954              2.6329326202773538             10.3066262497497636             25.7665656243744152              1.3999999999999999              1.3999999999999999
      -1.51171875               3.8707585900786068              2.6224268534915853             10.3851664930594207             25.9629162326485599              1.3999999999999999              1.3999999999999999
      -1.44140625               3.8875821647109836              2.6140053443444953             10.4484961076994409             26.1212402692486094              1.3999999999999999              1.3999999999999999
      -1.37109375               3.8969283736152009              2.6093368109957384             10.4837457191218988             26.2093642978047541              1.3999999999999999              1.3999999999999999
      -1.30078125               3.8976703525861605              2.6089583621809367             10.4866033710320927             26.2165084275802407              1.3999999999999999              1.3999999999999999
      -1.23046875               3.8906553075537640              2.6124428964264852             10.4602660338592042             26.1506650846480149              1.3999999999999999              1.3999999999999999
      -1.16015625               3.8778926067323520              2.6188010495966529             10.4123569230208091             26.0308923075520298              1.3999999999999999              1.3999999999999999
      -1.08984375               3.8618478288019733              2.6268186242057205             10.3522120050587212             25.8805300126468083              1.3999999999999999              1.3999999999999999
      -1.01953125               3.8450615525586294              2.6352339144992172             10.2894040779956413             25.7235101949891103              1.3999999999999999              1.3999999999999999
      -0.94921875               3.8300133912586056              2.6427994171820934             10.2332179906530101             25.5830449766325287              1.3999999999999999              1.3999999999999999
      -0.87890625               3.8190581718608767              2.6483145689004544             10.1924248316266048             25.4810620790665183              1.3999999999999999              1.3999999999999999
      -0.80859375               3.8142640821654554              2.6507145609661298             10.1747140708572203             25.4367851771430580              1.3999999999999999              1.3999999999999999
      -0.73828125               3.8170271467728707              2.6492774080510850             10.1853051001634203             25.4632627504085534              1.3999999999999999              1.3999999999999999
      -0.66796875               3.8274685718822612              2.6439401767908004             10.2247351435995615             25.5618378589989099              1.3999999999999999              1.3999999999999999
      -0.59765625               3.8438872285686956              2.6355749118057759             10.2867983055283165             25.7169957638207975              1.3999999999999999              1.3999999999999999
      -0.52734375               3.8627800857873771              2.6259580977005341             10.3585431109511656             25.8963577773779221              1.3999999999999999              1.3999999999999999
      -0.45703125               3.8797640057043439              2.6172803682428998             10.4236465570825327             26.0591163927063363              1.3999999999999999              1.3999999999999999
      -0.38671875               3.8910388588157119              2.6114065260198509             10.4679076904845836             26.1697692262114643              1.3999999999999999              1.3999999999999999
      -0.31640625               3.8945131779359463              2.6093335555774826             10.4835562353224496             26.2088905883061294              1.3999999999999999              1.3999999999999999
      -0.24609375               3.8900339814783842              2.6111015292169992             10.4701805435482296             26.1754513588705784              1.3999999999999999              1.3999999999999999
      -0.17578125               3.8789080434545640              2.6160415083358282             10.4329160798999148             26.0822901997497922              1.3999999999999999              1.3999999999999999
      -0.10546875               3.8632425694932833              2.6230977289984527             10.3799010806758893             25.9497527016897251              1.3999999999999999              1.3999999999999999
      -0.03515625               3.8454548517853349              2.6310615011125904             10.3203631451611102             25.8009078629027826              1.3999999999999999              1.3999999999999999
       0.03515625               3.8280066473469101              2.6386971335064242             10.2635752072001267             25.6589380180003204              1.3999999999999999              1.3999999999999999
       0.10546875               3.8132597710842009              2.6448141006905805             10.2182982261338910             25.5457455653347338              1.3999999999999999              1.3999999999999999
       0.17578125               3.8033171084863797              2.6483538122275374             10.1921962270992967             25.4804905677482516              1.3999999999999999              1.3999999999999999
       0.24609375               3.7997445461019494              2.6485430301231658             10.1908194871601587             25.4770487179004022              1.3999999999999999              1.3999999999999999
       0.31640625               3.8031533924088645              2.6451207645233392             10.2160560663263986             25.5401401658160054              1.3999999999999999              1.3999999999999999
       0.38671875               3.8127772720026765              2.6385619237514542             10.2645267231657886             25.6613168079144778              1.3999999999999999              1.3999999999999999
       0.45703125               3.8263453073012061              2.6301340982723747             10.3270561869690667             25.8176404674226703              1.3999999999999999              1.3999999999999999
       0.52734375               3.8405389198055824              2.6216412720306415             10.3903612628809636             25.9759031572024135              1.3999999999999999              1.3999999999999999
       0.59765625               3.8519754979449470              2.6148987952288629             10.4408292955198423             26.1020732387996084              1.3999999999999999              1.3999999999999999
       0.66796875               3.8582330971075063              2.6112023689926214             10.4685675318222380             26.1714188295556021              1.3999999999999999              1.3999999999999999
       0.73828125               3.8583867313451337              2.6110583730619354             10.4696251959768887             26.1740629899422288              1.3999999999999999              1.3999999999999999
       0.80859375               3.8529290321883192              2.6142273781844683             10.4457944076212357             26.1144860190530963              1.3999999999999999              1.3999999999999999
       0.87890625               3.8433405444784876              2.6199396423237720             10.4029674941462975             26.0074187353657500              1.3999999999999999              1.3999999999999999
       0.94921875               3.8316285335792775              2.6271237813017891             10.3493070936192879             25.8732677340482269              1.3999999999999999              1.3999999999999999
       1.01953125               3.8199831487525500              2.6345789865400140             10.2938471047070674             25.7346177617676730              1.3999999999999999              1.3999999999999999
       1.08984375               3.8105474964808579              2.6410976784655187             10.2455292626420977             25.6138231566052497              1.3999999999999999              1.3999999999999999
       1.16015625               3.8052266342809293              2.6455806432875248             10.2123765552978139             25.5309413882445426              1.3999999999999999              1.3999999999999999
       1.23046875               3.8054521783385016              2.6471875314013888             10.2004710427221532             25.5011776068053848              1.3999999999999999              1.3999999999999999
       1.30078125               3.8119073093347060              2.6455118014727783             10.2127716547538867             25.5319291368847203              1.3999999999999999              1.3999999999999999
       1.37109375               3.8242282922226294              2.6407499908013885             10.2479212834081626             25.6198032085204161              1.3999999999999999              1.3999999999999999
       1.44140625               3.8408108853817056              2.6337707681008178             10.2996779047816904             25.7491947619542323              1.3999999999999999              1.3999999999999999
       1.51171875               3.8589210362673798              2.6259716654270813             10.3578157460002540             25.8945393650006430              1.3999999999999999              1.3999999999999999
       1.58203125               3.8751527217819484              2.6189460238124727             10.4104546729736125             26.0261366824340357              1.3999999999999999              1.3999999999999999
       1.65234375               3.8862211710380223              2.6140720492074840             10.4471204926828420             26.1178012317071122              1.3999999999999999              1.3999999999999999
       1.72265625               3.8899285338434915              2.6122051013824557             10.4611930783934497             26.1529826959836278              1.3999999999999999              1.3999999999999999
       1.79296875               3.8860778895974435              2.6135501262844176             10.4510351415754261             26.1275878539385715              1.3999999999999999              1.3999999999999999
       1.86328125               3.8767910676362023              2.6177396979386733             10.4194527326972768             26.0486318317431937              1.3999999999999999              1.3999999999999999
       1.93359375               3.8658963616651594              2.6239231265366239             10.3728483021975322             25.9321207554938375              1.3999999999999999              1.3999999999999999
       2.00390625               3.8568277212401787              2.6309268756532811             10.3193517925534159             25.7983794813835452              1.3999999999999999              1.3999999999999999
       2.07421875               3.8496795593589384              2.6372427250735004             10.2661124717828489             25.6652811794571285              1.3999999999999999              1.3999999999999999
       2.14453125               3.8380140421626194              2.6402192117775960             10.2113119206296421             25.5282798015741150              1.3999999999999999              1.3999999999999999
       2.21484375               3.8014208264220928              2.6313766572517641             10.1072199178714097             25.2680497946785323              1.3999999999999999              1.3999999999999999
       2.28515625               3.6671210289785665              2.5726630648160334              9.6908164808264416             24.2270412020661112              1.3999999999999999              1.3999999999999999
       2.35546875               3.2003539373082814              2.3177602902429602              8.0712703883219223             20.1781759708048121              1.3999999999999999              1.3999999999999999
       2.42578125               2.2119718398132489              1.6043287757656919              4.6746202355504396             11.6865505888761021              1.3999999999999999              1.3999999999999999
       2.49609375               1.2870955393369501              0.4898064753008570              1.7290882825668068              4.3227207064170177              1.3999999999999999              1.3999999999999999
       2.56640625               1.0253621582969725              0.0248441005139188              1.0299111212538949              2.5747778031347379              1.3999999999999999              1.3999999999999999
       2.63671875               1.0180272980729295              0.0004949481239089              1.0005935390582992              2.5014838476457486              1.3999999999999999              1.3999999999999999
       2.70703125               1.0253045245875274              0.0000093903514764              1.0000112919248942              2.5000282298122363              1.3999999999999999              1.3999999999999999
       2.77734375               1.0298693441892148              0.0000001791317869              1.0000002155485703              2.5000005388714261              1.3999999999999999              1.3999999999999999
       2.84765625               1.0307377986649024              0.0000000034378215              1.0000000041309187              2.5000000103272977              1.3999999999999999              1.3999999999999999
       2.91796875               1.0278067098650838              0.0000000000663299              1.0000000000794422              2.5000000001986060              1.3999999999999999              1.3999999999999999
       2.98828125               1.0215108172017608              0.0000000000012837              1.0000000000015303              2.5000000000038263              1.3999999999999999              1.3999999999999999
       3.05859375               1.0127435348469160              0.0000000000000248              1.0000000000000293              2.5000000000000742              1.3999999999999999              1.3999999999999999
       3.12890625               1.0027319495715128              0.0000000000000004              1.0000000000000004              2.5000000000000018              1.3999999999999999              1.3999999999999999
       3.19921875               0.9928818290003455             -0.0000000000000000              0.9999999999999998              2.5000000000000004              1.3999999999999999              1.3999999999999999
       3.26953125               0.9846237248560396              0.0000000000000000              1.0000000000000000              2.5000000000000004              1.3999999999999999              1.3999999999999999
       3.33984375               0.9792835454247232              0.0000000000000002              0.9999999999999998              2.5000000000000000              1.3999999999999999              1.3999999999999999
       3.41015625               0.9779888110812887              0.0000000000000001              0.9999999999999996              2.4999999999999996              1.3999999999999999              1.3999999999999999
       3.48046875               0.9816041048184923             -0.0000000000000001              0.9999999999999996              2.4999999999999996              1.3999999999999999              1.3999999999999999
       3.55078125               0.9906850431385255             -0.0000000000000003              1.0000000000000000              2.5000000000000004              1.3999999999999999              1.3999999999999999
       3.62109375               1.0054889681751222             -0.0000000000000001              1.0000000000000000              2.5000000000000004              1.3999999999999999              1.3999999999999999
       3.69140625               1.0259904426073818             -0.0000000000000000              1.0000000000000000              2.5000000000000004              1.3999999999999999              1.3999999999999999
       3.76171875               1.0519014771374808              0.0000000000000000              0.9999999999999999              2.5000000000000004              1.3999999999999999              1.3999999999999999
       3.83203125               1.0826922007940813             -0.0000000000000000              0.9999999999999999              2.5000000000000004              1.3999999999999999              1.3999999999999999
       3.90234375               1.1176095053271626             -0.0000000000000001              1.0000000000000000              2.5000000000000004              1.3999999999999999              1.3999999999999999
       3.97265625               1.1556932279727641             -0.0000000000000001              0.9999999999999996              2.4999999999999996              1.3999999999999999              1.3999999999999999
       4.04296875               1.1957914688768398              0.0000000000000000              1.0000000000000000              2.5000000000000004              1.3999999999999999              1.3999999999999999
       4.11328125               1.1978706122016491              0.0000000000000000              1.0000000000000000              2.5000000000000004              1.3999999999999999              1.3999999999999999
       4.18359375               1.1757445555960953              0.0000000000000000              1.0000000000000000              2.5000000000000004              1.3999999999999999              1.3999999999999999
       4.25390625               1.1321199446698971              0.0000000000000000              1.0000000000000000              2.5000000000000004              1.3999999999999999              1.3999999999999999
       4.32421875               1.0723333092776084              0.0000000000000000              1.0000000000000000              2.5000000000000004              1.3999999999999999              1.3999999999999999
       4.39453125               1.0036982542377115              0.0000000000000000              1.0000000000000000              2.5000000000000004              1.3999999999999999              1.3999999999999999
       4.46484375               0.9346107975894047              0.0000000000000000              1.0000000000000000              2.5000000000000004              1.3999999999999999              1.3999999999999999
