      -4.46484375               3.8571430000000002              2.6293690000000001             10.3333300000000001             25.8333250000000056              1.3999999999999999              1.3999999999999999
      -4.39453125               3.8571430000000002              2.6293690000000001             10.3333300000000001             25.8333250000000056              1.3999999999999999              1.3999999999999999
      -4.32421875               3.8571430000000002              2.6293690000000001             10.3333300000000001             25.8333250000000056              1.3999999999999999              1.3999999999999999
      -4.25390625               3.8571430000000002              2.6293690000000001             10.3333300000000001             25.8333250000000056              1.3999999999999999              1.3999999999999999
      -4.18359375               3.8571430000000002              2.6293690000000001             10.3333300000000001             25.8333250000000056              1.3999999999999999              1.3999999999999999
      -4.11328125               3.8571430000000002              2.6293690000000001             10.3333300000000001             25.8333250000000056              1.3999999999999999              1.3999999999999999
      -4.04296875               3.8571430000000002              2.6293690000000001             10.3333300000000001             25.8333250000000056              1.3999999999999999              1.3999999999999999
      -3.97265625               3.8571430000000015              2.6293689999999996             10.3333300000000055             25.8333250000000199              1.3999999999999999              1.3999999999999999
      -3.90234375               3.8571429999999967              2.6293690000000014             10.3333299999999895             25.8333249999999808              1.3999999999999999              1.3999999999999999
      -3.83203125               3.8571429999998403              2.6293690000000804             10.3333299999994015             25.8333249999985064              1.3999999999999999              1.3999999999999999
      -3.76171875               3.8571429999959324              2.6293690000020420             10.3333299999847430             25.8333249999618602              1.3999999999999999              1.3999999999999999
      -3.69140625               3.8571429999255256              2.6293690000373928             10.3333299997206787             25.8333249993017020              1.3999999999999999              1.3999999999999999
      -3.62109375               3.8571429989506032              2.6293690005268959             10.3333299960641138             25.8333249901602926              1.3999999999999999              1.3999999999999999
      -3.55078125               3.8571429881677619              2.6293690059409021             10.3333299556218243             25.8333248890545661              1.3999999999999999              1.3999999999999999
      -3.48046875               3.8571428904826264              2.6293690549880839             10.3333295892423962             25.8333239731059976              1.3999999999999999              1.3999999999999999
      -3.41015625               3.8571421531982737              2.6293694251746436             10.3333268239722234             25.8333170599305646              1.3999999999999999              1.3999999999999999
      -3.33984375               3.8571374643638157              2.6293717794155782             10.3333092379660023             25.8332730949150147              1.3999999999999999              1.3999999999999999
      -3.26953125               3.8571121629565903              2.6293844831863105             10.3332143424265013             25.8330358560662567              1.3999999999999999              1.3999999999999999
      -3.19921875               3.8569958888828761              2.6294428652643789             10.3327782498813470             25.8319456247033727              1.3999999999999999              1.3999999999999999
      -3.12890625               3.8565398242860081              2.6296718763615177             10.3310678316353606             25.8276695790884077              1.3999999999999999              1.3999999999999999
      -3.05859375               3.8550069746393403              2.6304417894789291             10.3253198825214252             25.8132997063035674              1.3999999999999999              1.3999999999999999
      -2.98828125               3.8505482999037977              2.6326829392148396             10.3086072401252018             25.7715181003130134              1.3999999999999999              1.3999999999999999
      -2.91796875               3.8393007789480649              2.6383466668934443             10.2664876611386759             25.6662191528466970              1.3999999999999999              1.3999999999999999
      -2.84765625               3.8173724757234919              2.6494223901797778             10.1845085669367599             25.4612714173419050              1.3999999999999999              1.3999999999999999
      -2.77734375               3.7981894760979049              2.6591474719389940             10.1129226020919774             25.2823065052299469              1.3999999999999999              1.3999999999999999
      -2.70703125               3.7973200317445426              2.6595894320608897             10.1096829660985801             25.2742074152464582              1.3999999999999999              1.3999999999999999
      -2.63671875               3.8131658206007346              2.6515539459052104             10.1688655387697917             25.4221638469244837              1.3999999999999999              1.3999999999999999
      -2.56640625               3.8797208921306421              2.6180923454172547             10.4186863727726244             26.0467159319315655              1.3999999999999999              1.3999999999999999
      -2.49609375               3.9767729043662912              2.5699740145546226             10.7854265590386404             26.9635663975966082              1.3999999999999999              1.3999999999999999
      -2.42578125               4.0123662848493131              2.5525660251668962             10.9207383742135118             27.3018459355337839              1.3999999999999999              1.3999999999999999
      -2.35546875               4.0115456551585815              2.5529647987996231             10.9176258755595086             27.2940646888987786              1.3999999999999999              1.3999999999999999
      -2.28515625               3.9978710076024728              2.5596281765547650             10.8656101129005211             27.1640252822513091              1.3999999999999999              1.3999999999999999
      -2.21484375               3.9665488979300916              2.5749642934000883             10.7467020928280963             26.8667552320702470              1.3999999999999999              1.3999999999999999
      -2.14453125               3.9238242016461728              2.5960368834757297             10.5850518671229334             26.4626296678073381              1.3999999999999999              1.3999999999999999
      -2.07421875               3.8773217156899822              2.6191783959576598             10.4098763080833443             26.0246907702083661              1.3999999999999999              1.3999999999999999
      -2.00390625               3.8296461316196906              2.6431360709442422             10.2311451487187046             25.5778628717967678              1.3999999999999999              1.3999999999999999
      -1.93359375               3.7793159871557531              2.6686879992869188             10.0434285935550474             25.1085714838876228              1.3999999999999999              1.3999999999999999
      -1.86328125               3.7263748637148542              2.6958415916988097              9.8470257329073512             24.6175643322683833              1.3999999999999999              1.3999999999999999
      -1.79296875               3.6876861750545453              2.7158646126289647              9.7041649453678751             24.2604123634196895              1.3999999999999999              1.3999999999999999
      -1.72265625               3.6810178572573022              2.7193353971687784              9.6796192389863478             24.1990480974658766              1.3999999999999999              1.3999999999999999
      -1.65234375               3.6908021918139213              2.7142429280213092              9.7157090160944648             24.2892725402361691              1.3999999999999999              1.3999999999999999
      -1.58203125               3.7567732819997768              2.6802349869773963              9.9605228646559318             24.9013071616398349              1.3999999999999999              1.3999999999999999
      -1.51171875               3.9132792775485870              2.6011547193400406             10.5473013949675618             26.3682534874189116              1.3999999999999999              1.3999999999999999
      -1.44140625               4.0161362292960909              2.5504312640074418             10.9370322574456704             27.3425806436141805              1.3999999999999999              1.3999999999999999
      -1.37109375               4.0261387356041407              2.5455716516263487             10.9752269460420546             27.4380673651051410              1.3999999999999999              1.3999999999999999
      -1.30078125               4.0179678156924892              2.5495361301193165             10.9441105178952576             27.3602762947381493              1.3999999999999999              1.3999999999999999
      -1.23046875               3.9906569115047827              2.5628438215977782             10.8402509447241027             27.1006273618102611              1.3999999999999999              1.3999999999999999
      -1.16015625               3.9475639263749533              2.5839957998078114             10.6768339643261267             26.6920849108153249              1.3999999999999999              1.3999999999999999
      -1.08984375               3.8976375976144118              2.6087297996698191             10.4883398898865075             26.2208497247162740              1.3999999999999999              1.3999999999999999
      -1.01953125               3.8452780387841954              2.6349434276015131             10.2916740311878989             25.7291850779697526              1.3999999999999999              1.3999999999999999
      -0.94921875               3.7901071818658600              2.6628763185367164             10.0856003419208342             25.2140008548020873              1.3999999999999999              1.3999999999999999
      -0.87890625               3.7318645132007457              2.6927036086953033              9.8693254459964859             24.6733136149912191              1.3999999999999999              1.3999999999999999
      -0.80859375               3.6835064497833319              2.7177258587588620              9.6907270845705060             24.2268177114262713              1.3999999999999999              1.3999999999999999
      -0.73828125               3.6684091214164289              2.7255942575225367              9.6351849442927424             24.0879623607318578              1.3999999999999999              1.3999999999999999
      -0.66796875               3.6721280506169247              2.7236488876588347              9.6488904766804620             24.1222261917011593              1.3999999999999999              1.3999999999999999
      -0.59765625               3.7105587725709759              2.7036909751048386              9.7909604744817376             24.4774011862043537              1.3999999999999999              1.3999999999999999
      -0.52734375               3.8452057546185339              2.6349653743688854             10.2935615088768539             25.7339037721921429              1.3999999999999999              1.3999999999999999
      -0.45703125               3.9996058541907904              2.5581429669849096             10.8765949923745211             27.1914874809363099              1.3999999999999999              1.3999999999999999
      -0.38671875               4.0382210392864843              2.5393341280342838             11.0238467284330603             27.5596168210826562              1.3999999999999999              1.3999999999999999
      -0.31640625               4.0354336654776777              2.5406775544870928             11.0132610152661456             27.5331525381653677              1.3999999999999999              1.3999999999999999
      -0.24609375               4.0162630229004659              2.5499725711732468             10.9402482379952168             27.3506205949880510              1.3999999999999999              1.3999999999999999
      -0.17578125               3.9765527877151086              2.5693390680646644             10.7894432646073017             26.9736081615182606              1.3999999999999999              1.3999999999999999
      -0.10546875               3.9237257390311129              2.5953336994600975             10.5897156887607231             26.4742892219018131              1.3999999999999999              1.3999999999999999
      -0.03515625               3.8652753693163251              2.6244051399824597             10.3700449711597873             25.9251124278994709              1.3999999999999999              1.3999999999999999
       0.03515625               3.8031244192050693              2.6556781806708010             10.1381076872849523             25.3452692182123833              1.3999999999999999              1.3999999999999999
       0.10546875               3.7370056179944897              2.6893059077856196              9.8935595106537235             24.7338987766343124              1.3999999999999999              1.3999999999999999
       0.17578125               3.6783389338727681              2.7192689120791416              9.6796415355431051             24.1991038388577664              1.3999999999999999              1.3999999999999999
       0.24609375               3.6539691478943634              2.7311061517702022              9.5963270062255059             23.9908175155637693              1.3999999999999999              1.3999999999999999
       0.31640625               3.6520957265264857              2.7304865682267656              9.6007349936116508             24.0018374840291315              1.3999999999999999              1.3999999999999999
       0.38671875               3.6727233958130800              2.7181716640735059              9.6877214498861743             24.2193036247154403              1.3999999999999999              1.3999999999999999
       0.45703125               3.7665026590399346              2.6687892811662768             10.0435924043418403             25.1089810108546061              1.3999999999999999              1.3999999999999999
       0.52734375               3.9355640693628384              2.5830656342036753             10.6835841036847121             26.7089602592117892              1.3999999999999999              1.3999999999999999
       0.59765625               4.0305389777302336              2.5372103612103145             11.0389727892656726             27.5974319731641913              1.3999999999999999              1.3999999999999999
       0.66796875               4.0426702529706313              2.5334835348168547             11.0688066845478037             27.6720167113695155              1.3999999999999999              1.3999999999999999
       0.73828125               4.0407226101103415              2.5377317569179390             11.0357084863811750             27.5892712159529445              1.3999999999999999              1.3999999999999999
       0.80859375               4.0170030328379980              2.5526821762171217             10.9188583492833011             27.2971458732082617              1.3999999999999999              1.3999999999999999
       0.87890625               3.9681627347615160              2.5785430688663515             10.7186104315219985             26.7965260788050017              1.3999999999999999              1.3999999999999999
       0.94921875               3.9036398501727221              2.6108626082451227             10.4722371297086987             26.1805928242717556              1.3999999999999999              1.3999999999999999
       1.01953125               3.8331191468894343              2.6461678068606438             10.2084779851400640             25.5211949628501671              1.3999999999999999              1.3999999999999999
       1.08984375               3.7577646282442236              2.6841452841099507              9.9308644861845021             24.8271612154612598              1.3999999999999999              1.3999999999999999
       1.16015625               3.6866009384826541              2.7204182935149048              9.6712116251780316             24.1780290629450860              1.3999999999999999              1.3999999999999999
       1.23046875               3.6542690274125178              2.7374630093277075              9.5512133094406249             23.8780332736015666              1.3999999999999999              1.3999999999999999
       1.30078125               3.6556008407911538              2.7373838761081499              9.5514819444149772             23.8787048610374484              1.3999999999999999              1.3999999999999999
       1.37109375               3.6784963784168063              2.7254932156335929              9.6349242093509151             24.0873105233772939              1.3999999999999999              1.3999999999999999
       1.44140625               3.7564171772124060              2.6840956634959743              9.9311887820480518             24.8279719551201339              1.3999999999999999              1.3999999999999999
       1.51171875               3.8836275391396877              2.6164985408393728             10.4299190660702532             26.0747976651756375              1.3999999999999999              1.3999999999999999
       1.58203125               4.0051468034734166              2.5558790331664274             10.8927659798262830             27.2319149495657129              1.3999999999999999              1.3999999999999999
       1.65234375               4.0716062817607455              2.5291014093011759             11.1027279132437791             27.7568197831094530              1.3999999999999999              1.3999999999999999
       1.72265625               4.0877755358413133              2.5281572598616804             11.1102926077494217             27.7757315193735579              1.3999999999999999              1.3999999999999999
       1.79296875               4.0678039913125987              2.5359995890136271             11.0486408680626269             27.6216021701565708              1.3999999999999999              1.3999999999999999
       1.86328125               3.9868749610721967              2.5588090544198350             10.8715378744810724             27.1788446862026873              1.3999999999999999              1.3999999999999999
       1.93359375               3.8897422931617229              2.5939171785556439             10.6052332013367927             26.5130830033419898              1.3999999999999999              1.3999999999999999
       2.00390625               3.8250801508938301              2.6354145019637421             10.2979431287404086             25.7448578218510278              1.3999999999999999              1.3999999999999999
       2.07421875               3.8330752775894239              2.6799691465060982              9.9725759962688105             24.9314399906720325              1.3999999999999999              1.3999999999999999
       2.14453125               3.8185793683148286              2.7206872834545162              9.6742969762033493             24.1857424405083776              1.3999999999999999              1.3999999999999999
       2.21484375               3.7334803513719557              2.7470736518002759              9.4899753573680421             23.7249383934201106              1.3999999999999999              1.3999999999999999
       2.28515625               3.4965269088661928              2.7548770276757555              9.5220025150573182             23.8050062876433017              1.3999999999999999              1.3999999999999999
       2.35546875               2.9452549222018023              2.5272383280295525              8.4749542126168347             21.1873855315420911              1.3999999999999999              1.3999999999999999
       2.42578125               1.3837626591267547              0.9141096405857115              2.5555185093245441              6.3887962733113612              1.3999999999999999              1.3999999999999999
       2.49609375               0.9869155034105734              0.0052478913020656              1.0061127568469266              2.5152818921173168              1.3999999999999999              1.3999999999999999
       2.56640625               1.0525100508886072              0.0000007696977067              1.0000009380877208              2.5000023452193028              1.3999999999999999              1.3999999999999999
       2.63671875               1.1157545788004040              0.0000000001662539              1.0000000002091918              2.5000000005229799              1.3999999999999999              1.3999999999999999
       2.70703125               1.1648397251366018              0.0000000000000421              1.0000000000000537              2.5000000000001350              1.3999999999999999              1.3999999999999999
       2.77734375               1.1937602880266094             -0.0000000000000000              0.9999999999999998              2.5000000000000004              1.3999999999999999              1.3999999999999999
       2.84765625               1.1989784604602689             -0.0000000000000001              1.0000000000000000              2.5000000000000004              1.3999999999999999              1.3999999999999999
       2.91796875               1.1798559116332676             -0.0000000000000000              0.9999999999999999              2.5000000000000000              1.3999999999999999              1.3999999999999999
       2.98828125               1.1387318727855835             -0.0000000000000001              0.9999999999999999              2.5000000000000004              1.3999999999999999              1.3999999999999999
       3.05859375               1.0806369827330395             -0.0000000000000000              1.0000000000000000              2.5000000000000004              1.3999999999999999              1.3999999999999999
       3.12890625               1.0126778977547457              0.0000000000000000              0.9999999999999999              2.5000000000000004              1.3999999999999999              1.3999999999999999
       3.19921875               0.9431679455383319              0.0000000000000000              1.0000000000000000              2.5000000000000004              1.3999999999999999              1.3999999999999999
       3.26953125               0.8806101689148053              0.0000000000000000              0.9999999999999999              2.5000000000000004              1.3999999999999999              1.3999999999999999
       3.33984375               0.8326571620391197              0.0000000000000000              1.0000000000000000              2.5000000000000004              1.3999999999999999              1.3999999999999999
       3.41015625               0.8051749406160487              0.0000000000000000              1.0000000000000000              2.5000000000000004              1.3999999999999999              1.3999999999999999
       3.48046875               0.8015253614502704              0.0000000000000000              1.0000000000000000              2.5000000000000004              1.3999999999999999              1.3999999999999999
       3.55078125               0.8221548718054106              0.0000000000000001              1.0000000000000000              2.5000000000000004              1.3999999999999999              1.3999999999999999
       3.62109375               0.8645398962143717              0.0000000000000000              1.0000000000000000              2.5000000000000004              1.3999999999999999              1.3999999999999999
       3.69140625               0.9234955414863104             -0.0000000000000001              0.9999999999999999              2.5000000000000004              1.3999999999999999              1.3999999999999999
       3.76171875               0.9918098565136189             -0.0000000000000000              1.0000000000000000              2.5000000000000004              1.3999999999999999              1.3999999999999999
       3.83203125               1.0611260588770022              0.0000000000000000              1.0000000000000000              2.5000000000000004              1.3999999999999999              1.3999999999999999
       3.90234375               1.1229648068594127              0.0000000000000000              1.0000000000000000              2.5000000000000009              1.3999999999999999              1.3999999999999999
       3.97265625               1.1697614639455898              0.0000000000000000              1.0000000000000000              2.5000000000000004              1.3999999999999999              1.3999999999999999
       4.04296875               1.1957914688768398              0.0000000000000000              1.0000000000000000              2.5000000000000004              1.3999999999999999              1.3999999999999999
       4.11328125               1.1978706122016491              0.0000000000000000              1.0000000000000000              2.5000000000000004              1.3999999999999999              1.3999999999999999
       4.18359375               1.1757445555960953              0.0000000000000000              1.0000000000000000              2.5000000000000004              1.3999999999999999              1.3999999999999999
       4.25390625               1.1321199446698971              0.0000000000000000              1.0000000000000000              2.5000000000000004              1.3999999999999999              1.3999999999999999
       4.32421875               1.0723333092776084              0.0000000000000000              1.0000000000000000              2.5000000000000004              1.3999999999999999              1.3999999999999999
       4.39453125               1.0036982542377115              0.0000000000000000              1.0000000000000000              2.5000000000000004              1.3999999999999999              1.3999999999999999
       4.46484375               0.9346107975894047              0.0000000000000000              1.0000000000000000              2.5000000000000004              1.3999999999999999              1.3999999999999999
