      -4.42968750               3.8571430000000002              2.6293690000000001             10.3333300000000001             25.8333250000000056              1.3999999999999999              1.3999999999999999
      -4.28906250               3.8571430000000002              2.6293690000000001             10.3333300000000001             25.8333250000000056              1.3999999999999999              1.3999999999999999
      -4.14843750               3.8571430000000002              2.6293690000000001             10.3333300000000001             25.8333250000000056              1.3999999999999999              1.3999999999999999
      -4.00781250               3.8571430000000002              2.6293690000000001             10.3333300000000001             25.8333250000000056              1.3999999999999999              1.3999999999999999
      -3.86718750               3.8571296962385939              2.6293756797509111             10.3332801027668850             25.8332002569172161              1.3999999999999999              1.3999999999999999
      -3.72656250               3.8570080243419538              2.6294367710944542             10.3328237641706018             25.8320594104265098              1.3999999999999999              1.3999999999999999
      -3.58593750               3.8564758663054870              2.6297039798267892             10.3308279705141963             25.8270699262854997              1.3999999999999999              1.3999999999999999
      -3.44531250               3.8550117217815432              2.6304392806291990             10.3253376368555294             25.8133440921388271              1.3999999999999999              1.3999999999999999
      -3.30468750               3.8522246167313376              2.6318395149280409             10.3148891842233894             25.7872229605584806              1.3999999999999999              1.3999999999999999
      -3.16406250               3.8484797266970836              2.6337221392249281             10.3008553450088236             25.7521383625220643              1.3999999999999999              1.3999999999999999
      -3.02343750               3.8451739950256929              2.6353852296612206             10.2884716623103465             25.7211791557758715              1.3999999999999999              1.3999999999999999
      -2.88281250               3.8440127802864157              2.6359696901811298             10.2841227308848016             25.7103068272120083              1.3999999999999999              1.3999999999999999
      -2.74218750               3.8454808161283394              2.6352305154725078             10.2896228750162493             25.7240571875406303              1.3999999999999999              1.3999999999999999
      -2.60156250               3.8478221520085074              2.6340520919897683             10.2983966288049693             25.7459915720124286              1.3999999999999999              1.3999999999999999
      -2.46093750               3.8479027468462026              2.6340112847270891             10.2987004312611408             25.7467510781528546              1.3999999999999999              1.3999999999999999
      -2.32031250               3.8436339978467573              2.6361588215726903             10.2827143584563174             25.7067858961408007              1.3999999999999999              1.3999999999999999
      -2.17968750               3.8359372350463485              2.6400353821487950             10.2539107380170140             25.6347768450425413              1.3999999999999999              1.3999999999999999
      -2.03906250               3.8286600975667313              2.6437061296285949             10.2267001906090051             25.5667504765225146              1.3999999999999999              1.3999999999999999
      -1.89843750               3.8264602484847896              2.6448159223105554             10.2184856101423325             25.5462140253558374              1.3999999999999999              1.3999999999999999
      -1.75781250               3.8317090230309092              2.6421618625962249             10.2381365410944714             25.5953413527361846              1.3999999999999999              1.3999999999999999
      -1.61718750               3.8422976834741243              2.6368160544997372             10.2778147427520903             25.6945368568802337              1.3999999999999999              1.3999999999999999
      -1.47656250               3.8525604254233845              2.6316418944657731             10.3163443297586408             25.7908608243966100              1.3999999999999999              1.3999999999999999
      -1.33593750               3.8572462918169399              2.6292695839621816             10.3340509074620961             25.8351272686552456              1.3999999999999999              1.3999999999999999
      -1.19531250               3.8551313582680375              2.6302938513265448             10.3263994606221594             25.8159986515554039              1.3999999999999999              1.3999999999999999
      -1.05468750               3.8493548914438902              2.6331195085348189             10.3053196173404338             25.7632990433510933              1.3999999999999999              1.3999999999999999
      -0.91406250               3.8449235313783583              2.6351976890714268             10.2898393690600489             25.7245984226501285              1.3999999999999999              1.3999999999999999
      -0.77343750               3.8453765151930073              2.6346868669433832             10.2936387913751766             25.7340969784379467              1.3999999999999999              1.3999999999999999
      -0.63281250               3.8503912313647564              2.6316625215335248             10.3161686842157216             25.7904217105393094              1.3999999999999999              1.3999999999999999
      -0.49218750               3.8558958864066084              2.6280614802161377             10.3430446319942035             25.8576115799855160              1.3999999999999999              1.3999999999999999
      -0.35156250               3.8569888387601932              2.6262147667162523             10.3568420067177538             25.8921050167943889              1.3999999999999999              1.3999999999999999
      -0.21093750               3.8514214042040407              2.6271305599758015             10.3499844931896270             25.8749612329740764              1.3999999999999999              1.3999999999999999
      -0.07031250               3.8408446910776575              2.6299144900211067             10.3291961561771881             25.8229903904429747              1.3999999999999999              1.3999999999999999
       0.07031250               3.8293502284426038              2.6325277124059250             10.3097331040139082             25.7743327600347740              1.3999999999999999              1.3999999999999999
       0.21093750               3.8207942579851686              2.6331538010116704             10.3050795338091881             25.7626988345229790              1.3999999999999999              1.3999999999999999
       0.35156250               3.8165402927068470              2.6313740072166016             10.3182948356520861             25.7957370891302205              1.3999999999999999              1.3999999999999999
       0.49218750               3.8149335148128070              2.6284492525243874             10.3400117959130124             25.8500294897825356              1.3999999999999999              1.3999999999999999
       0.63281250               3.8129999948560216              2.6264022025483147             10.3552045061626092             25.8880112654065329              1.3999999999999999              1.3999999999999999
       0.77343750               3.8091111076529010              2.6265399065545156             10.3541493802079092             25.8853734505197828              1.3999999999999999              1.3999999999999999
       0.91406250               3.8043823112499289              2.6286079206552508             10.3387614296422665             25.8469035741056707              1.3999999999999999              1.3999999999999999
       1.05468750               3.8018960998813602              2.6311030257707184             10.3202258810981125             25.8005647027452873              1.3999999999999999              1.3999999999999999
       1.19531250               3.8045956645910390              2.6323452915187628             10.3109783092076430             25.7774457730191138              1.3999999999999999              1.3999999999999999
       1.33593750               3.8133170099139506              2.6315314347533327             10.3169511088540631             25.7923777721351648              1.3999999999999999              1.3999999999999999
       1.47656250               3.8258027114515127              2.6292886155330262             10.3334919057613579             25.8337297644034010              1.3999999999999999              1.3999999999999999
       1.61718750               3.8378136193638497              2.6271814167074843             10.3487523182683123             25.8718807956707870              1.3999999999999999              1.3999999999999999
       1.75781250               3.8456593858747836              2.6265109820811023             10.3515713242108927             25.8789283105272361              1.3999999999999999              1.3999999999999999
       1.89843750               3.8476583741918318              2.6270096845982556             10.3359614525410635             25.8399036313526622              1.3999999999999999              1.3999999999999999
       2.03906250               3.8398672906101781              2.6247884406408315             10.2876067831084494             25.7190169577711281              1.3999999999999999              1.3999999999999999
       2.17968750               3.7934073380859594              2.6028520076634880             10.1036646741685505             25.2591616854213825              1.3999999999999999              1.3999999999999999
       2.32031250               3.5700213035038835              2.4861638005473594              9.2810353658941711             23.2025884147354340              1.3999999999999999              1.3999999999999999
       2.46093750               2.8569930729236659              2.0597420111837210              6.7504758171345642             16.8761895428364141              1.3999999999999999              1.3999999999999999
       2.60156250               1.7541700862554477              1.1092827389434718              3.1108933318764977              7.7772333296912448              1.3999999999999999              1.3999999999999999
       2.74218750               1.1090561334949038              0.1679363712363030              1.2174997139418704              3.0437492848546768              1.3999999999999999              1.3999999999999999
       2.88281250               1.0121659164693764              0.0046489919826489              1.0055290544295232              2.5138226360738085              1.3999999999999999              1.3999999999999999
       3.02343750               1.0102603019230345              0.0000889926481615              1.0001059126499969              2.5002647816249928              1.3999999999999999              1.3999999999999999
       3.16406250               1.0132298532425215              0.0000016865954131              1.0000020118782866              2.5000050296957168              1.3999999999999999              1.3999999999999999
       3.30468750               1.0205581529460390              0.0000000318332913              1.0000000381939425              2.5000000954848565              1.3999999999999999              1.3999999999999999
       3.44531250               1.0351627416187328              0.0000000005957655              1.0000000007225016              2.5000000018062547              1.3999999999999999              1.3999999999999999
       3.58593750               1.0592348490322807              0.0000000000110143              1.0000000000135725              2.5000000000339320              1.3999999999999999              1.3999999999999999
       3.72656250               1.0934705718812245              0.0000000000002004              1.0000000000002520              2.5000000000006306              1.3999999999999999              1.3999999999999999
       3.86718750               1.1366615511799036              0.0000000000000035              1.0000000000000047              2.5000000000000120              1.3999999999999999              1.3999999999999999
       4.00781250               1.1856370938515910              0.0000000000000000              1.0000000000000000              2.5000000000000009              1.3999999999999999              1.3999999999999999
       4.14843750               1.1897313022038820              0.0000000000000000              1.0000000000000000              2.5000000000000004              1.3999999999999999              1.3999999999999999
       4.28906250               1.1038265719776148              0.0000000000000000              1.0000000000000000              2.5000000000000004              1.3999999999999999              1.3999999999999999
       4.42968750               0.9686717645859342              0.0000000000000000              1.0000000000000000              2.5000000000000004              1.3999999999999999              1.3999999999999999
