      -4.46484375               3.8571430000000002              2.6293690000000001             10.3333300000000001             25.8333250000000056              1.3999999999999999              1.3999999999999999
      -4.39453125               3.8571430000000002              2.6293690000000001             10.3333300000000001             25.8333250000000056              1.3999999999999999              1.3999999999999999
      -4.32421875               3.8571430000000002              2.6293690000000001             10.3333300000000001             25.8333250000000056              1.3999999999999999              1.3999999999999999
      -4.25390625               3.8571430000000002              2.6293690000000001             10.3333300000000001             25.8333250000000056              1.3999999999999999              1.3999999999999999
      -4.18359375               3.8571430000000002              2.6293690000000001             10.3333300000000001             25.8333250000000056              1.3999999999999999              1.3999999999999999
      -4.11328125               3.8571430000000002              2.6293690000000001             10.3333300000000001             25.8333250000000056              1.3999999999999999              1.3999999999999999
      -4.04296875               3.8571430000000002              2.6293690000000001             10.3333300000000001             25.8333250000000056              1.3999999999999999              1.3999999999999999
      -3.97265625               3.8571430000000024              2.6293689999999983             10.3333300000000126             25.8333250000000376              1.3999999999999999              1.3999999999999999
      -3.90234375               3.8571429999999931              2.6293690000000036             10.3333299999999753             25.8333249999999452              1.3999999999999999              1.3999999999999999
      -3.83203125               3.8571429999996849              2.6293690000001582             10.3333299999988206             25.8333249999970533              1.3999999999999999              1.3999999999999999
      -3.76171875               3.8571429999923805              2.6293690000038259             10.3333299999714257             25.8333249999285712              1.3999999999999999              1.3999999999999999
      -3.69140625               3.8571429998668916              2.6293690000668328             10.3333299995007621             25.8333249987519125              1.3999999999999999              1.3999999999999999
      -3.62109375               3.8571429982086087              2.6293690008994473             10.3333299932811862             25.8333249832029708              1.3999999999999999              1.3999999999999999
      -3.55078125               3.8571429806990345              2.6293690096909117             10.3333299276094870             25.8333248190237228              1.3999999999999999              1.3999999999999999
      -3.48046875               3.8571428292169876              2.6293690857492331             10.3333293594585101             25.8333233986462822              1.3999999999999999              1.3999999999999999
      -3.41015625               3.8571417371354757              2.6293696340776087             10.3333252634807966             25.8333131587019977              1.3999999999999999              1.3999999999999999
      -3.33984375               3.8571351023853642              2.6293729653548779             10.3333003791037648             25.8332509477594172              1.3999999999999999              1.3999999999999999
      -3.26953125               3.8571009000129219              2.6293901383137879             10.3331720997396754             25.8329302493491966              1.3999999999999999              1.3999999999999999
      -3.19921875               3.8569507601864355              2.6294655252542589             10.3326089945703714             25.8315224864259356              1.3999999999999999              1.3999999999999999
      -3.12890625               3.8563884911366411              2.6297478736785274             10.3305003048915562             25.8262507622288950              1.3999999999999999              1.3999999999999999
      -3.05859375               3.8545856358537813              2.6306534680077873             10.3237401784976601             25.8093504462441530              1.3999999999999999              1.3999999999999999
      -2.98828125               3.8495841587874868              2.6331678679465425             10.3049947660620429             25.7624869151551152              1.3999999999999999              1.3999999999999999
      -2.91796875               3.8374732362542652              2.6392683586738364             10.2596502403768763             25.6491256009421988              1.3999999999999999              1.3999999999999999
      -2.84765625               3.8140189238443898              2.6511219811234357             10.1719934226125091             25.4299835565312762              1.3999999999999999              1.3999999999999999
      -2.77734375               3.7918266533304354              2.6623832409222947             10.0892194247491371             25.2230485618728473              1.3999999999999999              1.3999999999999999
      -2.70703125               3.7900291535123127              2.6632981280674266             10.0825247219653225             25.2063118049133124              1.3999999999999999              1.3999999999999999
      -2.63671875               3.8038766347289359              2.6562638526549578             10.1341959693522430             25.3354899233806137              1.3999999999999999              1.3999999999999999
      -2.56640625               3.8663700401196803              2.6247747981535219             10.3685406296470379             25.9213515741176010              1.3999999999999999              1.3999999999999999
      -2.49609375               3.9662902016105850              2.5751208407439088             10.7457270336627104             26.8643175841567867              1.3999999999999999              1.3999999999999999
      -2.42578125               4.0084379800215633              2.5544710957813961             10.9058227739919733             27.2645569349799359              1.3999999999999999              1.3999999999999999
      -2.35546875               4.0084815805305327              2.5544489324051036             10.9060011628609974             27.2650029071524997              1.3999999999999999              1.3999999999999999
      -2.28515625               3.9961481869885311              2.5604614516244886             10.8591000213429005             27.1477500533572567              1.3999999999999999              1.3999999999999999
      -2.21484375               3.9661956052992484              2.5751291586770502             10.7454174160237272             26.8635435400593252              1.3999999999999999              1.3999999999999999
      -2.14453125               3.9241935839043323              2.5958457493188676             10.5865101313294794             26.4662753283237038              1.3999999999999999              1.3999999999999999
      -2.07421875               3.8777719495649428              2.6189455714016496             10.4116366835871830             26.0290917089679610              1.3999999999999999              1.3999999999999999
      -2.00390625               3.8298858159606310              2.6430075499361347             10.2321137432731231             25.5802843581828157              1.3999999999999999              1.3999999999999999
      -1.93359375               3.7792024234165442              2.6687385129937136             10.0430817958633618             25.1077044896584134              1.3999999999999999              1.3999999999999999
      -1.86328125               3.7259122123239723              2.6960709806262426              9.8453869230331978             24.6134673075830008              1.3999999999999999              1.3999999999999999
      -1.79296875               3.6880263799604478              2.7156773689836582              9.7054868892374646             24.2637172230936677              1.3999999999999999              1.3999999999999999
      -1.72265625               3.6824392384305713              2.7185839912065992              9.6849207282967775             24.2123018207419491              1.3999999999999999              1.3999999999999999
      -1.65234375               3.6929083608003603              2.7131372840833015              9.7235478598022649             24.3088696495056666              1.3999999999999999              1.3999999999999999
      -1.58203125               3.7588720161302582              2.6791482191945679              9.9684277425032395             24.9210693562581049              1.3999999999999999              1.3999999999999999
      -1.51171875               3.9123815718154673              2.6015959752828337             10.5440047183112444             26.3600117957781173              1.3999999999999999              1.3999999999999999
      -1.44140625               4.0147311335005194              2.5511080691667125             10.9317626467425928             27.3294066168564882              1.3999999999999999              1.3999999999999999
      -1.37109375               4.0248089478100972              2.5462058043921032             10.9702331768254400             27.4255829420636061              1.3999999999999999              1.3999999999999999
      -1.30078125               4.0168089719611269              2.5500877105927833             10.9397740710924420             27.3494351777311095              1.3999999999999999              1.3999999999999999
      -1.23046875               3.9901705659984064              2.5630692315496293             10.8384897171612327             27.0962242929030879              1.3999999999999999              1.3999999999999999
      -1.16015625               3.9477433752956101              2.5838949998401950             10.6776119820144597             26.6940299550361573              1.3999999999999999              1.3999999999999999
      -1.08984375               3.8980658330407789              2.6085044648936746             10.4900603447186747             26.2251508617966920              1.3999999999999999              1.3999999999999999
      -1.01953125               3.8456039370438959              2.6347670508367056             10.2930100040245129             25.7325250100612877              1.3999999999999999              1.3999999999999999
      -0.94921875               3.7901254571455287              2.6628543258628361             10.0857896968967449             25.2144742422418702              1.3999999999999999              1.3999999999999999
      -0.87890625               3.7314730154835951              2.6928908824743569              9.8679982161779165             24.6699955404447948              1.3999999999999999              1.3999999999999999
      -0.80859375               3.6834484578480446              2.7177390548376490              9.6906318885648783             24.2265797214122038              1.3999999999999999              1.3999999999999999
      -0.73828125               3.6696792790685828              2.7249129342333953              9.6399776314852854             24.0999440787132180              1.3999999999999999              1.3999999999999999
      -0.66796875               3.6739421448323766              2.7226833931690035              9.6556928487553222             24.1392321218883126              1.3999999999999999              1.3999999999999999
      -0.59765625               3.7129817443609610              2.7024192955049826              9.8000710656712524             24.5001776641781355              1.3999999999999999              1.3999999999999999
      -0.52734375               3.8453234799605953              2.6348846702059818             10.2942103324556129             25.7355258311390358              1.3999999999999999              1.3999999999999999
      -0.45703125               3.9981730146299981              2.5588198524208163             10.8713852785238299             27.1784631963095791              1.3999999999999999              1.3999999999999999
      -0.38671875               4.0370946820887381              2.5398458644847071             11.0198109367465040             27.5495273418662663              1.3999999999999999              1.3999999999999999
      -0.31640625               4.0342517067776082              2.5412105432167298             11.0090494802820675             27.5226237007051751              1.3999999999999999              1.3999999999999999
      -0.24609375               4.0152438086398501              2.5504189468880791             10.9367393311036505             27.3418483277591307              1.3999999999999999              1.3999999999999999
      -0.17578125               3.9758976761428708              2.5695976812179682             10.7874375443619677             26.9685938609049245              1.3999999999999999              1.3999999999999999
      -0.10546875               3.9233272359542712              2.5954460318157637             10.5888718735139342             26.4721796837848444              1.3999999999999999              1.3999999999999999
      -0.03515625               3.8650508205923644              2.6244036266720037             10.3700861152003760             25.9252152880009490              1.3999999999999999              1.3999999999999999
       0.03515625               3.8030244210125947              2.6555593169186564             10.1390346760588717             25.3475866901471818              1.3999999999999999              1.3999999999999999
       0.10546875               3.7366908170242596              2.6891869455915134              9.8944976737429329             24.7362441843573357              1.3999999999999999              1.3999999999999999
       0.17578125               3.6774493068972167              2.7192679106735618              9.6797446880838667             24.1993617202096729              1.3999999999999999              1.3999999999999999
       0.24609375               3.6532578201098924              2.7307529741106662              9.5989312245269165             23.9973280613172975              1.3999999999999999              1.3999999999999999
       0.31640625               3.6510304696586386              2.7299129744657402              9.6048983920909912             24.0122459802274868              1.3999999999999999              1.3999999999999999
       0.38671875               3.6709941189066373              2.7172555476552316              9.6943430496206826             24.2358576240517110              1.3999999999999999              1.3999999999999999
       0.45703125               3.7623742259389918              2.6683109008447716             10.0471146130340969             25.1177865325852494              1.3999999999999999              1.3999999999999999
       0.52734375               3.9278470475953768              2.5835268474907918             10.6796244299631056             26.6990610749077675              1.3999999999999999              1.3999999999999999
       0.59765625               4.0212708238011441              2.5375273061157584             11.0356049669305794             27.5890124173264546              1.3999999999999999              1.3999999999999999
       0.66796875               4.0309405469407453              2.5339026334089221             11.0644961651697429             27.6612404129243643              1.3999999999999999              1.3999999999999999
       0.73828125               4.0268436365050935              2.5381786586387656             11.0311367778790164             27.5778419446975498              1.3999999999999999              1.3999999999999999
       0.80859375               4.0036008337224036              2.5529629088925492             10.9156871438752230             27.2892178596880655              1.3999999999999999              1.3999999999999999
       0.87890625               3.9581849188721399              2.5784366081860206             10.7185506906746024             26.7963767266865105              1.3999999999999999              1.3999999999999999
       0.94921875               3.8968952930958314              2.6103727519198241             10.4751874490508623             26.1879686226271602              1.3999999999999999              1.3999999999999999
       1.01953125               3.8279971035544400              2.6454923392652971             10.2128723552997691             25.5321808882494281              1.3999999999999999              1.3999999999999999
       1.08984375               3.7538832647847866              2.6836900968821027              9.9337592236293784             24.8343980590734503              1.3999999999999999              1.3999999999999999
       1.16015625               3.6843492630912964              2.7204640456139062              9.6706413579033921             24.1766033947584873              1.3999999999999999              1.3999999999999999
       1.23046875               3.6547420207043371              2.7371624100355048              9.5531765740859758             23.8829414352149456              1.3999999999999999              1.3999999999999999
       1.30078125               3.6562816847194584              2.7368203081556515              9.5554386222406773             23.8885965556017013              1.3999999999999999              1.3999999999999999
       1.37109375               3.6792248667323757              2.7246165475657129              9.6411878987359749             24.1029697468399391              1.3999999999999999              1.3999999999999999
       1.44140625               3.7554540795264657              2.6835226997486017              9.9353856714723090             24.8384641786807805              1.3999999999999999              1.3999999999999999
       1.51171875               3.8817348478131701              2.6173267574905865             10.4236584673236194             26.0591461683090557              1.3999999999999999              1.3999999999999999
       1.58203125               4.0048101805647311              2.5572884210108966             10.8820457991104629             27.2051144977761616              1.3999999999999999              1.3999999999999999
       1.65234375               4.0747544502186184              2.5297653498397414             11.0981881251107808             27.7454703127769591              1.3999999999999999              1.3999999999999999
       1.72265625               4.0845895432327826              2.5287187482194509             11.1068665865572651             27.7671664663931672              1.3999999999999999              1.3999999999999999
       1.79296875               4.0615080161014570              2.5362012277000074             11.0484094768902121             27.6210236922255348              1.3999999999999999              1.3999999999999999
       1.86328125               3.9817221904412587              2.5583388069411472             10.8768009125955043             27.1920022814887687              1.3999999999999999              1.3999999999999999
       1.93359375               3.8962422078088572              2.5932511236892832             10.6117568197119656             26.5293920492799202              1.3999999999999999              1.3999999999999999
       2.00390625               3.8353145504208355              2.6351931866796106             10.2999196862723110             25.7497992156807811              1.3999999999999999              1.3999999999999999
       2.07421875               3.8408222334993978              2.6798502075136024              9.9722204292381100             24.9305510730952804              1.3999999999999999              1.3999999999999999
       2.14453125               3.8123136547419278              2.7205321685243531              9.6760660303348391             24.1901650758371041              1.3999999999999999              1.3999999999999999
       2.21484375               3.7242762978077604              2.7460290438318662              9.4857905661683386             23.7144764154208474              1.3999999999999999              1.3999999999999999
       2.28515625               3.4829814225861262              2.7389719330821936              9.4281161625749128             23.5702904064372873              1.3999999999999999              1.3999999999999999
       2.35546875               2.9379128488433350              2.5229548681149327              8.3800205484796564             20.9500513711991445              1.3999999999999999              1.3999999999999999
       2.42578125               1.5563288830596944              1.1352480438719010              3.0820224731323353              7.7050561828308393              1.3999999999999999              1.3999999999999999
       2.49609375               0.9965366402454325              0.0178941486192480              1.0210090678304204              2.5525226695760517              1.3999999999999999              1.3999999999999999
       2.56640625               1.0525246382507214              0.0000169526025849              1.0000206593456697              2.5000516483641753              1.3999999999999999              1.3999999999999999
       2.63671875               1.1157545931382564              0.0000000148569524              1.0000000186934661              2.5000000467336658              1.3999999999999999              1.3999999999999999
       2.70703125               1.1648397251500759              0.0000000000129006              1.0000000000165499              2.5000000000413749              1.3999999999999999              1.3999999999999999
       2.77734375               1.1937602880266218              0.0000000000000113              1.0000000000000142              2.5000000000000364              1.3999999999999999              1.3999999999999999
       2.84765625               1.1989784604602689             -0.0000000000000001              1.0000000000000000              2.5000000000000004              1.3999999999999999              1.3999999999999999
       2.91796875               1.1798559116332676             -0.0000000000000000              0.9999999999999999              2.5000000000000000              1.3999999999999999              1.3999999999999999
       2.98828125               1.1387318727855835             -0.0000000000000001              0.9999999999999999              2.5000000000000004              1.3999999999999999              1.3999999999999999
       3.05859375               1.0806369827330395              0.0000000000000000              1.0000000000000000              2.5000000000000004              1.3999999999999999              1.3999999999999999
       3.12890625               1.0126778977547457              0.0000000000000000              0.9999999999999999              2.5000000000000004              1.3999999999999999              1.3999999999999999
       3.19921875               0.9431679455383319              0.0000000000000000              1.0000000000000000              2.5000000000000004              1.3999999999999999              1.3999999999999999
       3.26953125               0.8806101689148053              0.0000000000000000              0.9999999999999999              2.5000000000000004              1.3999999999999999              1.3999999999999999
       3.33984375               0.8326571620391197              0.0000000000000000              1.0000000000000000              2.5000000000000004              1.3999999999999999              1.3999999999999999
       3.41015625               0.8051749406160487              0.0000000000000000              1.0000000000000000              2.5000000000000004              1.3999999999999999              1.3999999999999999
       3.48046875               0.8015253614502704              0.0000000000000001              1.0000000000000000              2.5000000000000004              1.3999999999999999              1.3999999999999999
       3.55078125               0.8221548718054106              0.0000000000000002              1.0000000000000000              2.5000000000000004              1.3999999999999999              1.3999999999999999
       3.62109375               0.8645398962143717              0.0000000000000000              1.0000000000000000              2.5000000000000004              1.3999999999999999              1.3999999999999999
       3.69140625               0.9234955414863104             -0.0000000000000002              0.9999999999999999              2.5000000000000004              1.3999999999999999              1.3999999999999999
       3.76171875               0.9918098565136189             -0.0000000000000001              1.0000000000000000              2.5000000000000004              1.3999999999999999              1.3999999999999999
       3.83203125               1.0611260588770022              0.0000000000000000              1.0000000000000000              2.5000000000000004              1.3999999999999999              1.3999999999999999
       3.90234375               1.1229648068594127              0.0000000000000000              1.0000000000000000              2.5000000000000009              1.3999999999999999              1.3999999999999999
       3.97265625               1.1697614639455898              0.0000000000000000              1.0000000000000000              2.5000000000000004              1.3999999999999999              1.3999999999999999
       4.04296875               1.1957914688768398              0.0000000000000000              1.0000000000000000              2.5000000000000004              1.3999999999999999              1.3999999999999999
       4.11328125               1.1978706122016491              0.0000000000000000              1.0000000000000000              2.5000000000000004              1.3999999999999999              1.3999999999999999
       4.18359375               1.1757445555960953              0.0000000000000000              1.0000000000000000              2.5000000000000004              1.3999999999999999              1.3999999999999999
       4.25390625               1.1321199446698971              0.0000000000000000              1.0000000000000000              2.5000000000000004              1.3999999999999999              1.3999999999999999
       4.32421875               1.0723333092776084              0.0000000000000000              1.0000000000000000              2.5000000000000004              1.3999999999999999              1.3999999999999999
       4.39453125               1.0036982542377115              0.0000000000000000              1.0000000000000000              2.5000000000000004              1.3999999999999999              1.3999999999999999
       4.46484375               0.9346107975894047              0.0000000000000000              1.0000000000000000              2.5000000000000004              1.3999999999999999              1.3999999999999999
