      -4.46484375               3.8571430000000002              2.6293690000000001             10.3333300000000001             25.8333250000000056              1.3999999999999999              1.3999999999999999
      -4.39453125               3.8571430000000002              2.6293690000000001             10.3333300000000001             25.8333250000000056              1.3999999999999999              1.3999999999999999
      -4.32421875               3.8571430000000002              2.6293690000000001             10.3333300000000001             25.8333250000000056              1.3999999999999999              1.3999999999999999
      -4.25390625               3.8571430000000002              2.6293690000000001             10.3333300000000001             25.8333250000000056              1.3999999999999999              1.3999999999999999
      -4.18359375               3.8571430000000002              2.6293690000000001             10.3333300000000001             25.8333250000000056              1.3999999999999999              1.3999999999999999
      -4.11328125               3.8571430000000002              2.6293690000000001             10.3333300000000001             25.8333250000000056              1.3999999999999999              1.3999999999999999
      -4.04296875               3.8571430000000002              2.6293690000000001             10.3333300000000001             25.8333250000000056              1.3999999999999999              1.3999999999999999
      -3.97265625               3.8571430000000002              2.6293690000000001             10.3333300000000001             25.8333250000000056              1.3999999999999999              1.3999999999999999
      -3.90234375               3.8571429999999856              2.6293690000000072             10.3333299999999451             25.8333249999998706              1.3999999999999999              1.3999999999999999
      -3.83203125               3.8571429999994207              2.6293690000002901             10.3333299999978276             25.8333249999945771              1.3999999999999999              1.3999999999999999
      -3.76171875               3.8571429999865936              2.6293690000067311             10.3333299999497168             25.8333249998742964              1.3999999999999999              1.3999999999999999
      -3.69140625               3.8571429997760238              2.6293690001124568             10.3333299991599556             25.8333249978998936              1.3999999999999999              1.3999999999999999
      -3.62109375               3.8571429971159348              2.6293690014480737             10.3333299891829782             25.8333249729574490              1.3999999999999999              1.3999999999999999
      -3.55078125               3.8571429702506443              2.6293690149369904             10.3333298884215967             25.8333247210539980              1.3999999999999999              1.3999999999999999
      -3.48046875               3.8571427478205935              2.6293691266179251             10.3333290541719300             25.8333226354298304              1.3999999999999999              1.3999999999999999
      -3.41015625               3.8571412123288500              2.6293698975803244             10.3333232951333578             25.8333082378333998              1.3999999999999999              1.3999999999999999
      -3.33984375               3.8571322750295325              2.6293743849595108             10.3332897747975903             25.8332244369939801              1.3999999999999999              1.3999999999999999
      -3.26953125               3.8570881141215683              2.6293965581397223             10.3331241452097302             25.8328103630243291              1.3999999999999999              1.3999999999999999
      -3.19921875               3.8569022205997667              2.6294898982715460             10.3324269482330156             25.8310673705825451              1.3999999999999999              1.3999999999999999
      -3.12890625               3.8562344390980678              2.6298252398117365             10.3299225962656553             25.8248064906641446              1.3999999999999999              1.3999999999999999
      -3.05859375               3.8541802358934047              2.6308571595233126             10.3222203457642401             25.8055508644106055              1.3999999999999999              1.3999999999999999
      -2.98828125               3.8487115378554240              2.6336068599010565             10.3017257007409739             25.7543142518524419              1.3999999999999999              1.3999999999999999
      -2.91796875               3.8359476076408368              2.6400380916039046             10.2539439515642421             25.6348598789106070              1.3999999999999999              1.3999999999999999
      -2.84765625               3.8114703206810501              2.6524148084185204             10.1624869776085340             25.4062174440213404              1.3999999999999999              1.3999999999999999
      -2.77734375               3.7867201860079032              2.6649832641397881             10.0702090964957804             25.1755227412394547              1.3999999999999999              1.3999999999999999
      -2.70703125               3.7838538151493544              2.6664437687015714             10.0595387384464114             25.1488468461160330              1.3999999999999999              1.3999999999999999
      -2.63671875               3.7961405555495089              2.6601933895273064             10.1053492794502642             25.2633731986256649              1.3999999999999999              1.3999999999999999
      -2.56640625               3.8544898024412988              2.6307362041645148             10.3239690029311593             25.8099225073279044              1.3999999999999999              1.3999999999999999
      -2.49609375               3.9557869057738153              2.5802913305909456             10.7059851318304737             26.7649628295761914              1.3999999999999999              1.3999999999999999
      -2.42578125               4.0046114964975654              2.5563287948191098             10.8912931747794808             27.2282329369487073              1.3999999999999999              1.3999999999999999
      -2.35546875               4.0055831447575168              2.5558540776086720             10.8950047048506331             27.2375117621265872              1.3999999999999999              1.3999999999999999
      -2.28515625               3.9945707463853930              2.5612250177983400             10.8531373802485174             27.1328434506213014              1.3999999999999999              1.3999999999999999
      -2.21484375               3.9659758725944751              2.5752299999336929             10.7446298967723894             26.8615747419309798              1.3999999999999999              1.3999999999999999
      -2.14453125               3.9247030758055530              2.5955867923958880             10.5884898799951479             26.4712246999878715              1.3999999999999999              1.3999999999999999
      -2.07421875               3.8783152210954221              2.6186677012157493             10.4137410726796027             26.0343526816990121              1.3999999999999999              1.3999999999999999
      -2.00390625               3.8301323138556018              2.6428770011770086             10.2331020579584120             25.5827551448960371              1.3999999999999999              1.3999999999999999
      -1.93359375               3.7790582981035308              2.6688059116526497             10.0426147401449377             25.1065368503623532              1.3999999999999999              1.3999999999999999
      -1.86328125               3.7254921091889686              2.6962795890796976              9.8438976535340750             24.6097441338351928              1.3999999999999999              1.3999999999999999
      -1.79296875               3.6883589636791170              2.7154951790617843              9.7067723457327393             24.2669308643318544              1.3999999999999999              1.3999999999999999
      -1.72265625               3.6836986212914025              2.7179184058726582              9.6896184981517557             24.2240462453793910              1.3999999999999999              1.3999999999999999
      -1.65234375               3.6947977677902060              2.7121462056899324              9.7305806798460779             24.3264516996151983              1.3999999999999999              1.3999999999999999
      -1.58203125               3.7605021877248683              2.6783042491681477              9.9745850582637328             24.9364626456593399              1.3999999999999999              1.3999999999999999
      -1.51171875               3.9110813324133233              2.6022405512319984             10.5391885462954402             26.3479713657386050              1.3999999999999999              1.3999999999999999
      -1.44140625               4.0133952012523828              2.5517508268011020             10.9267440552053223             27.3168601380133111              1.3999999999999999              1.3999999999999999
      -1.37109375               4.0235705375526249              2.5467969154350780             10.9655793235031869             27.4139483087579734              1.3999999999999999              1.3999999999999999
      -1.30078125               4.0156891806848023              2.5506218118735680             10.9355780734307420             27.3389451835768611              1.3999999999999999              1.3999999999999999
      -1.23046875               3.9895426235365496              2.5633655625533618             10.8361808765422900             27.0904521913557303              1.3999999999999999              1.3999999999999999
      -1.16015625               3.9476100945545789              2.5839491596908530             10.6772029968075195             26.6930074920188076              1.3999999999999999              1.3999999999999999
      -1.08984375               3.8981601676003828              2.6084464226694464             10.4905161653957855             26.2262904134894690              1.3999999999999999              1.3999999999999999
      -1.01953125               3.8457539066440782              2.6346802199526813             10.2936793997438567             25.7341984993596498              1.3999999999999999              1.3999999999999999
      -0.94921875               3.7902565833618529              2.6627758159957153             10.0863930237806390             25.2159825594516072              1.3999999999999999              1.3999999999999999
      -0.87890625               3.7314540852774409              2.6928872532009467              9.8680456805843004             24.6701142014607555              1.3999999999999999              1.3999999999999999
      -0.80859375               3.6835708138248329              2.7176588602883931              9.6911974623167172             24.2279936557917992              1.3999999999999999              1.3999999999999999
      -0.73828125               3.6707572195459628              2.7243326028304504              9.6440607821161297             24.1101519552903305              1.3999999999999999              1.3999999999999999
      -0.66796875               3.6755073054489151              2.7218484320472820              9.6615796430634298             24.1539491076585762              1.3999999999999999              1.3999999999999999
      -0.59765625               3.7150448684598834              2.7013353651889078              9.8078525101639595             24.5196312754099033              1.3999999999999999              1.3999999999999999
      -0.52734375               3.8451570352810469              2.6349479868791432             10.2938144505274405             25.7345361263186092              1.3999999999999999              1.3999999999999999
      -0.45703125               3.9967034422987906              2.5595096390949275             10.8660616432027037             27.1651541080067673              1.3999999999999999              1.3999999999999999
      -0.38671875               4.0360514871369348              2.5403120304733933             11.0161286257735540             27.5403215644338886              1.3999999999999999              1.3999999999999999
      -0.31640625               4.0331299543443224              2.5417096337841074             11.0051069535632937             27.5127673839082405              1.3999999999999999              1.3999999999999999
      -0.24609375               4.0142956645497101              2.5508251964054112             10.9335471509605924             27.3338678774014880              1.3999999999999999              1.3999999999999999
      -0.17578125               3.9754191784680257              2.5697624213912644             10.7861601503621696             26.9654003759054319              1.3999999999999999              1.3999999999999999
      -0.10546875               3.9232540534937868              2.5953906307766350             10.5893092366598118             26.4732730916495349              1.3999999999999999              1.3999999999999999
      -0.03515625               3.8650880115854469              2.6242562485073808             10.3712269989434596             25.9280674973586542              1.3999999999999999              1.3999999999999999
       0.03515625               3.8028485654567303              2.6554546117049038             10.1398704207543293             25.3496760518858295              1.3999999999999999              1.3999999999999999
       0.10546875               3.7359801984548273              2.6892457281864366              9.8941676057300452             24.7354190143251209              1.3999999999999999              1.3999999999999999
       0.17578125               3.6764038562599008              2.7193398993922884              9.6793400020601901             24.1983500051504805              1.3999999999999999              1.3999999999999999
       0.24609375               3.6529666093534385              2.7302496881849905              9.6025989534386884             24.0064973835967237              1.3999999999999999              1.3999999999999999
       0.31640625               3.6508212837586678              2.7291428876782922              9.6104471125557591             24.0261177813894022              1.3999999999999999              1.3999999999999999
       0.38671875               3.6705090382202985              2.7161390407540815              9.7023836438606725             24.2559591096516876              1.3999999999999999              1.3999999999999999
       0.45703125               3.7589762619834950              2.6679337314739451             10.0499155176993185             25.1247887942483032              1.3999999999999999              1.3999999999999999
       0.52734375               3.9200389631553128              2.5844577467906595             10.6721877432997534             26.6804693582493897              1.3999999999999999              1.3999999999999999
       0.59765625               4.0135172313654017              2.5379021193714486             11.0318918133176318             27.5797295332940848              1.3999999999999999              1.3999999999999999
       0.66796875               4.0224692801568631              2.5341711359162322             11.0615083397072205             27.6537708492680565              1.3999999999999999              1.3999999999999999
       0.73828125               4.0175616473960272              2.5383967077363581             11.0285307005994344             27.5713267514985922              1.3999999999999999              1.3999999999999999
       0.80859375               3.9941618787910542              2.5529780082021079             10.9148036250349829             27.2870090625874653              1.3999999999999999              1.3999999999999999
       0.87890625               3.9496298081728796              2.5782889100460289             10.7191884276345579             26.7979710690864010              1.3999999999999999              1.3999999999999999
       0.94921875               3.8900712506122272              2.6101916177126010             10.4762843799875807             26.1907109499689561              1.3999999999999999              1.3999999999999999
       1.01953125               3.8231951652396519              2.6452468531206450             10.2145696268816124             25.5364240672040346              1.3999999999999999              1.3999999999999999
       1.08984375               3.7513136396421873              2.6833016691939342              9.9365429111815260             24.8413572779538221              1.3999999999999999              1.3999999999999999
       1.16015625               3.6835022949789336              2.7201317644007417              9.6729853488116646             24.1824633720291686              1.3999999999999999              1.3999999999999999
       1.23046875               3.6545035137431117              2.7367292865968116              9.5562221976344706             23.8905554940861791              1.3999999999999999              1.3999999999999999
       1.30078125               3.6559287718881022              2.7361979074556109              9.5597668904974942             23.8994172262437417              1.3999999999999999              1.3999999999999999
       1.37109375               3.6787096194543292              2.7239012247583374              9.6461923826543483             24.1154809566358743              1.3999999999999999              1.3999999999999999
       1.44140625               3.7538398892559273              2.6834333578501637              9.9359728582498335             24.8399321456245872              1.3999999999999999              1.3999999999999999
       1.51171875               3.8805152604832771              2.6182849230220011             10.4165186211977918             26.0412965529944884              1.3999999999999999              1.3999999999999999
       1.58203125               4.0057203611113668              2.5583944910446679             10.8738706195985362             27.1846765489963502              1.3999999999999999              1.3999999999999999
       1.65234375               4.0767086169401487              2.5302790120890504             11.0950004013253523             27.7375010033133869              1.3999999999999999              1.3999999999999999
       1.72265625               4.0820794701988081              2.5291875586838786             11.1042271887328141             27.7605679718320388              1.3999999999999999              1.3999999999999999
       1.79296875               4.0559668220262708              2.5365078142632838             11.0472133544153497             27.6180333860383804              1.3999999999999999              1.3999999999999999
       1.86328125               3.9783858638243217              2.5583825907768829             10.8777880453386437             27.1944701133466147              1.3999999999999999              1.3999999999999999
       1.93359375               3.9003668084690410              2.5932266490222324             10.6130030423819015             26.5325076059547591              1.3999999999999999              1.3999999999999999
       2.00390625               3.8435672167804396              2.6349657972434537             10.3014926131773450             25.7537315329433660              1.3999999999999999              1.3999999999999999
       2.07421875               3.8467505851106218              2.6790176775558301              9.9774002779096911             24.9435006947742330              1.3999999999999999              1.3999999999999999
       2.14453125               3.8068630657490141              2.7199012889826095              9.6779884323789620             24.1949710809474112              1.3999999999999999              1.3999999999999999
       2.21484375               3.7151941093233516              2.7443732369570020              9.4789208926319244             23.6973022315798154              1.3999999999999999              1.3999999999999999
       2.28515625               3.4699907918331623              2.7283880412494024              9.3534858152099449             23.3837145380248685              1.3999999999999999              1.3999999999999999
       2.35546875               2.9279406206881062              2.5074231658207728              8.2656269659244721             20.6640674148111856              1.3999999999999999              1.3999999999999999
       2.42578125               1.6955033444419998              1.3075348564034812              3.5488974526754076              8.8722436316885194              1.3999999999999999              1.3999999999999999
       2.49609375               1.0203346125206576              0.0543950030130690              1.0651041134306289              2.6627602835765734              1.3999999999999999              1.3999999999999999
       2.56640625               1.0526103493041579              0.0001116073286115              1.0001357919414411              2.5003394798536034              1.3999999999999999              1.3999999999999999
       2.63671875               1.1157547345409859              0.0000001597530758              1.0000002009595410              2.5000005023988527              1.3999999999999999              1.3999999999999999
       2.70703125               1.1648397253861769              0.0000000002382011              1.0000000003055411              2.5000000007638539              1.3999999999999999              1.3999999999999999
       2.77734375               1.1937602880269911              0.0000000000003483              1.0000000000004514              2.5000000000011289              1.3999999999999999              1.3999999999999999
       2.84765625               1.1989784604602693              0.0000000000000004              1.0000000000000004              2.5000000000000018              1.3999999999999999              1.3999999999999999
       2.91796875               1.1798559116332676              0.0000000000000000              0.9999999999999999              2.5000000000000000              1.3999999999999999              1.3999999999999999
       2.98828125               1.1387318727855835             -0.0000000000000001              0.9999999999999999              2.5000000000000004              1.3999999999999999              1.3999999999999999
       3.05859375               1.0806369827330395             -0.0000000000000000              1.0000000000000000              2.5000000000000004              1.3999999999999999              1.3999999999999999
       3.12890625               1.0126778977547457              0.0000000000000000              0.9999999999999999              2.5000000000000004              1.3999999999999999              1.3999999999999999
       3.19921875               0.9431679455383319              0.0000000000000000              1.0000000000000000              2.5000000000000004              1.3999999999999999              1.3999999999999999
       3.26953125               0.8806101689148053              0.0000000000000000              0.9999999999999999              2.5000000000000004              1.3999999999999999              1.3999999999999999
       3.33984375               0.8326571620391197              0.0000000000000000              1.0000000000000000              2.5000000000000004              1.3999999999999999              1.3999999999999999
       3.41015625               0.8051749406160487              0.0000000000000000              1.0000000000000000              2.5000000000000004              1.3999999999999999              1.3999999999999999
       3.48046875               0.8015253614502704              0.0000000000000002              1.0000000000000000              2.5000000000000004              1.3999999999999999              1.3999999999999999
       3.55078125               0.8221548718054106              0.0000000000000003              1.0000000000000000              2.5000000000000004              1.3999999999999999              1.3999999999999999
       3.62109375               0.8645398962143714              0.0000000000000000              0.9999999999999996              2.4999999999999996              1.3999999999999999              1.3999999999999999
       3.69140625               0.9234955414863104             -0.0000000000000003              0.9999999999999999              2.5000000000000004              1.3999999999999999              1.3999999999999999
       3.76171875               0.9918098565136189             -0.0000000000000002              1.0000000000000000              2.5000000000000004              1.3999999999999999              1.3999999999999999
       3.83203125               1.0611260588770022             -0.0000000000000000              1.0000000000000000              2.5000000000000004              1.3999999999999999              1.3999999999999999
       3.90234375               1.1229648068594127              0.0000000000000000              1.0000000000000000              2.5000000000000009              1.3999999999999999              1.3999999999999999
       3.97265625               1.1697614639455898              0.0000000000000000              1.0000000000000000              2.5000000000000004              1.3999999999999999              1.3999999999999999
       4.04296875               1.1957914688768398              0.0000000000000000              1.0000000000000000              2.5000000000000004              1.3999999999999999              1.3999999999999999
       4.11328125               1.1978706122016491              0.0000000000000000              1.0000000000000000              2.5000000000000004              1.3999999999999999              1.3999999999999999
       4.18359375               1.1757445555960953              0.0000000000000000              1.0000000000000000              2.5000000000000004              1.3999999999999999              1.3999999999999999
       4.25390625               1.1321199446698971              0.0000000000000000              1.0000000000000000              2.5000000000000004              1.3999999999999999              1.3999999999999999
       4.32421875               1.0723333092776084              0.0000000000000000              1.0000000000000000              2.5000000000000004              1.3999999999999999              1.3999999999999999
       4.39453125               1.0036982542377115              0.0000000000000000              1.0000000000000000              2.5000000000000004              1.3999999999999999              1.3999999999999999
       4.46484375               0.9346107975894047              0.0000000000000000              1.0000000000000000              2.5000000000000004              1.3999999999999999              1.3999999999999999
