      -4.35937500               3.8571430000000002              2.6293690000000001             10.3333300000000001             25.8333250000000056              1.3999999999999999              1.3999999999999999
      -4.07812500               3.8571430000000002              2.6293690000000001             10.3333300000000001             25.8333250000000056              1.3999999999999999              1.3999999999999999
      -3.79687500               3.8562755485274334              2.6298045599550517             10.3300768049950769             25.8251920124877010              1.3999999999999999              1.3999999999999999
      -3.51562500               3.8530646270537425              2.6314173130752128             10.3180385501773824             25.7950963754434603              1.3999999999999999              1.3999999999999999
      -3.23437500               3.8470697008874297              2.6344308922233908             10.2955756462952124             25.7389391157380345              1.3999999999999999              1.3999999999999999
      -2.95312500               3.8383505917431937              2.6388199585212879             10.2629342398302086             25.6573355995755286              1.3999999999999999              1.3999999999999999
      -2.67187500               3.8269473788763162              2.6445707486117840             10.2202990161607818             25.5507475404019644              1.3999999999999999              1.3999999999999999
      -2.39062500               3.8156317209043955              2.6502867582595275             10.1780722068891745             25.4451805172229442              1.3999999999999999              1.3999999999999999
      -2.10937500               3.8101797894195606              2.6530260615159240             10.1578895203225947             25.3947238008064886              1.3999999999999999              1.3999999999999999
      -1.82812500               3.8132326261965268              2.6513957134648440             10.1698954507247379             25.4247386268118518              1.3999999999999999              1.3999999999999999
      -1.54687500               3.8206483326610736              2.6473842637604932             10.1994868419937728             25.4987171049844363              1.3999999999999999              1.3999999999999999
      -1.26562500               3.8270614565559540              2.6434639813726934             10.2284743365336510             25.5711858413341346              1.3999999999999999              1.3999999999999999
      -0.98437500               3.8308359742773885              2.6400140255370173             10.2540354860633514             25.6350887151583819              1.3999999999999999              1.3999999999999999
      -0.70312500               3.8310423872465007              2.6368748154364741             10.2773258934260117             25.6933147335650318              1.3999999999999999              1.3999999999999999
      -0.42187500               3.8251880354590004              2.6346895904864711             10.2935374777734570             25.7338436944336451              1.3999999999999999              1.3999999999999999
      -0.14062500               3.8126464793220673              2.6335626430676315             10.3018679683454994             25.7546699208637548              1.3999999999999999              1.3999999999999999
       0.14062500               3.7963006629200136              2.6326512493171075             10.3085650104171762             25.7714125260429476              1.3999999999999999              1.3999999999999999
       0.42187500               3.7799432880895987              2.6316657129779242             10.3157524698238596             25.7893811745596544              1.3999999999999999              1.3999999999999999
       0.70312500               3.7672399712828923              2.6310644298843706             10.3199364834099576             25.7998412085248994              1.3999999999999999              1.3999999999999999
       0.98437500               3.7623100572047874              2.6308088758528405             10.3207641405883628             25.8019103514709158              1.3999999999999999              1.3999999999999999
       1.26562500               3.7674902201705907              2.6301214012573655             10.3199613560668979             25.7999033901672519              1.3999999999999999              1.3999999999999999
       1.54687500               3.7782952868051396              2.6273655505797562             10.3057897813869612             25.7644744534674075              1.3999999999999999              1.3999999999999999
       1.82812500               3.7723622833886985              2.6137700678142659             10.2092464715052564             25.5231161787631464              1.3999999999999999              1.3999999999999999
       2.10937500               3.6567458061899751              2.5423869711155618              9.7017743800657215             24.2544359501643072              1.3999999999999999              1.3999999999999999
       2.39062500               3.1463243413569302              2.2419969143267813              7.7847845853193673             19.4619614632984224              1.3999999999999999              1.3999999999999999
       2.67187500               2.0911272544280473              1.4361685705727003              4.1399505486451575             10.3498763716128952              1.3999999999999999              1.3999999999999999
       2.95312500               1.2254935458905114              0.3265113233049162              1.4607098406936840              3.6517746017342110              1.3999999999999999              1.3999999999999999
       3.23437500               1.0545294331260706              0.0112126268181930              1.0137566807375145              2.5343917018437869              1.3999999999999999              1.3999999999999999
       3.51562500               1.0830782150768978              0.0002063747952569              1.0002587301941972              2.5006468254854939              1.3999999999999999              1.3999999999999999
       3.79687500               1.1356617482431659              0.0000036039433624              1.0000046565516429              2.5000116413791078              1.3999999999999999              1.3999999999999999
       4.07812500               1.1999116355783102              0.0000000000000000              1.0000000000000000              2.5000001838124071              1.3999999999999999              1.3999999999999999
       4.35937500               1.0386107652946468              0.0000000000000000              1.0000000000000000              2.5000000000000004              1.3999999999999999              1.3999999999999999
