      -4.46484375               3.8571430000000002              2.6293690000000001             10.3333300000000001             25.8333250000000056              1.3999999999999999              1.3999999999999999
      -4.39453125               3.8571430000000002              2.6293690000000001             10.3333300000000001             25.8333250000000056              1.3999999999999999              1.3999999999999999
      -4.32421875               3.8571430000000002              2.6293690000000001             10.3333300000000001             25.8333250000000056              1.3999999999999999              1.3999999999999999
      -4.25390625               3.8571430000000002              2.6293690000000001             10.3333300000000001             25.8333250000000056              1.3999999999999999              1.3999999999999999
      -4.18359375               3.8571430000000002              2.6293690000000001             10.3333300000000001             25.8333250000000056              1.3999999999999999              1.3999999999999999
      -4.11328125               3.8571430000000002              2.6293690000000001             10.3333300000000001             25.8333250000000056              1.3999999999999999              1.3999999999999999
      -4.04296875               3.8571430000000002              2.6293690000000001             10.3333300000000001             25.8333250000000056              1.3999999999999999              1.3999999999999999
      -3.97265625               3.8571430000000002              2.6293690000000001             10.3333300000000001             25.8333250000000056              1.3999999999999999              1.3999999999999999
      -3.90234375               3.8571429999999718              2.6293690000000143             10.3333299999998953             25.8333249999997463              1.3999999999999999              1.3999999999999999
      -3.83203125               3.8571429999989819              2.6293690000005112             10.3333299999961827             25.8333249999904631              1.3999999999999999              1.3999999999999999
      -3.76171875               3.8571429999774445              2.6293690000113252             10.3333299999154011             25.8333249997885090              1.3999999999999999              1.3999999999999999
      -3.69140625               3.8571429996386097              2.6293690001814509             10.3333299986445706             25.8333249966114309              1.3999999999999999              1.3999999999999999
      -3.62109375               3.8571429955346299              2.6293690022420373             10.3333299832521117             25.8333249581302837              1.3999999999999999              1.3999999999999999
      -3.55078125               3.8571429557775549              2.6293690222038508             10.3333298341385920             25.8333245853464888              1.3999999999999999              1.3999999999999999
      -3.48046875               3.8571426398922761              2.6293691808081578             10.3333286493742840             25.8333216234357153              1.3999999999999999              1.3999999999999999
      -3.41015625               3.8571405462178432              2.6293702320313175             10.3333207968079108             25.8333019920197842              1.3999999999999999              1.3999999999999999
      -3.33984375               3.8571288397686030              2.6293761097928274             10.3332768904852905             25.8331922262132316              1.3999999999999999              1.3999999999999999
      -3.26953125               3.8570732422901202              2.6294040253581996             10.3330683673398109             25.8326709183495353              1.3999999999999999              1.3999999999999999
      -3.19921875               3.8568481637689982              2.6295170421039833             10.3322242115224707             25.8305605288061848              1.3999999999999999              1.3999999999999999
      -3.12890625               3.8560700934485950              2.6299077795856598             10.3293063016925917             25.8232657542314854              1.3999999999999999              1.3999999999999999
      -3.05859375               3.8537657407863639              2.6310654433954781             10.3206665311107368             25.8016663277768501              1.3999999999999999              1.3999999999999999
      -2.98828125               3.8478560860379076              2.6340373092900187             10.2985214329610599             25.7463035824026534              1.3999999999999999              1.3999999999999999
      -2.91796875               3.8345180021527301              2.6407596478307065             10.2485981600829277             25.6214954002073263              1.3999999999999999              1.3999999999999999
      -2.84765625               3.8092575958052977              2.6535379529618841             10.1542365742758385             25.3855914356896051              1.3999999999999999              1.3999999999999999
      -2.77734375               3.7824464915534719              2.6671613955900968             10.0543077231740785             25.1357693079351989              1.3999999999999999              1.3999999999999999
      -2.70703125               3.7785845597151226              2.6691310471735110             10.0399377693428313             25.0998444233570837              1.3999999999999999              1.3999999999999999
      -2.63671875               3.7896743250551541              2.6634823734810560             10.0812575861731037             25.2031439654327620              1.3999999999999999              1.3999999999999999
      -2.56640625               3.8442163911701663              2.6359030035896041             10.2854683436822025             25.7136708592055143              1.3999999999999999              1.3999999999999999
      -2.49609375               3.9455911771718415              2.5853226567675653             10.6674413792897678             26.6686034482244239              1.3999999999999999              1.3999999999999999
      -2.42578125               4.0006656419118762              2.5582470822455239             10.8763073678790096             27.1907684196975339              1.3999999999999999              1.3999999999999999
      -2.35546875               4.0027166610591882              2.5572453399008217             10.8841267559267614             27.2103168898169088              1.3999999999999999              1.3999999999999999
      -2.28515625               3.9927983491873902              2.5620848559108174             10.8464291414834868             27.1160728537087259              1.3999999999999999              1.3999999999999999
      -2.21484375               3.9655501608104218              2.5754328928374135             10.7430553221273826             26.8576383053184600              1.3999999999999999              1.3999999999999999
      -2.14453125               3.9250814622709571              2.5953938556743537             10.5899671109862012             26.4749177774655067              1.3999999999999999              1.3999999999999999
      -2.07421875               3.8788584432893987              2.6183909769651175             10.4158384131491424             26.0395960328728613              1.3999999999999999              1.3999999999999999
      -2.00390625               3.8305135015195342              2.6426795346704322             10.2345880542428276             25.5864701356070725              1.3999999999999999              1.3999999999999999
      -1.93359375               3.7791723351412299              2.6687427344372412             10.0431022949187732             25.1077557372969409              1.3999999999999999              1.3999999999999999
      -1.86328125               3.7253274604597157              2.6963574645864932              9.8433470091623771             24.6083675229059473              1.3999999999999999              1.3999999999999999
      -1.79296875               3.6887213123963440              2.7152983609824228              9.7081603849708848             24.2704009624272175              1.3999999999999999              1.3999999999999999
      -1.72265625               3.6848575350438555              2.7173063823536978              9.6939399892631624             24.2348499731579139              1.3999999999999999              1.3999999999999999
      -1.65234375               3.6965154443846990              2.7112459643940339              9.7369744003462166             24.3424360008655469              1.3999999999999999              1.3999999999999999
      -1.58203125               3.7618258804399445              2.6776202550617341              9.9795980448975374             24.9489951122438498              1.3999999999999999              1.3999999999999999
      -1.51171875               3.9095820998021624              2.6029848648847818             10.5336238234862822             26.3340595587157118              1.3999999999999999              1.3999999999999999
      -1.44140625               4.0121079318191182              2.5523697403330874             10.9219027427784816             27.3047568569462129              1.3999999999999999              1.3999999999999999
      -1.37109375               4.0224508736378013              2.5473313767179024             10.9613730162500023             27.4034325406250119              1.3999999999999999              1.3999999999999999
      -1.30078125               4.0146573349391668              2.5511141974953429             10.9317118759305067             27.3292796898262722              1.3999999999999999              1.3999999999999999
      -1.23046875               3.9889806592146675              2.5636307846580504             10.8341161526132979             27.0852903815332482              1.3999999999999999              1.3999999999999999
      -1.16015625               3.9475567346914113              2.5839645139226790             10.6770935270296921             26.6927338175742364              1.3999999999999999              1.3999999999999999
      -1.08984375               3.8983471025704719              2.6083427351219077             10.4913193581049846             26.2282983952624704              1.3999999999999999              1.3999999999999999
      -1.01953125               3.8459683025279792              2.6345616257153615             10.2945886157678341             25.7364715394195898              1.3999999999999999              1.3999999999999999
      -0.94921875               3.7904021112007733              2.6626905823636307             10.0870496619348646             25.2176241548371678              1.3999999999999999              1.3999999999999999
      -0.87890625               3.7314229446994718              2.6928899252100509              9.8680487300527684             24.6701218251319219              1.3999999999999999              1.3999999999999999
      -0.80859375               3.6837085649244337              2.7175701186845949              9.6918218199906878             24.2295545499767258              1.3999999999999999              1.3999999999999999
      -0.73828125               3.6718411194424725              2.7237488916363404              9.6481698949663386             24.1204247374158527              1.3999999999999999              1.3999999999999999
      -0.66796875               3.6770654616928322              2.7210166999462806              9.6674473492474160             24.1686183731185409              1.3999999999999999              1.3999999999999999
      -0.59765625               3.7169915174718535              2.7003122140866020              9.8152112558532210             24.5380281396330595              1.3999999999999999              1.3999999999999999
      -0.52734375               3.8447684647721041              2.6351223714958270             10.2926074944556856             25.7315187361392219              1.3999999999999999              1.3999999999999999
      -0.45703125               3.9951451493561621              2.5602372521048404             10.8604284246170000             27.1510710615425026              1.3999999999999999              1.3999999999999999
      -0.38671875               4.0351104589463418              2.5407232822973653             11.0128780074002908             27.5321950185007331              1.3999999999999999              1.3999999999999999
      -0.31640625               4.0321116807131450              2.5421527605633161             11.0016064721546059             27.5040161803865217              1.3999999999999999              1.3999999999999999
      -0.24609375               4.0134502419906832              2.5511749884185559             10.9307996816336175             27.3269992040840464              1.3999999999999999              1.3999999999999999
      -0.17578125               3.9749710692900964              2.5699040250455476             10.7850674047086788             26.9626685117717031              1.3999999999999999              1.3999999999999999
      -0.10546875               3.9230772818662087              2.5953739696756659             10.5894596906886491             26.4736492267216263              1.3999999999999999              1.3999999999999999
      -0.03515625               3.8649458965065704              2.6241798711792961             10.3718469973620113             25.9296174934050327              1.3999999999999999              1.3999999999999999
       0.03515625               3.8025827489023802              2.6553702396899670             10.1405718218030483             25.3514295545076251              1.3999999999999999              1.3999999999999999
       0.10546875               3.7353859942038241              2.6892180316187844              9.8944819907109380             24.7362049767773513              1.3999999999999999              1.3999999999999999
       0.17578125               3.6754687047003767              2.7193395387528945              9.6794699831954585             24.1986749579886506              1.3999999999999999              1.3999999999999999
       0.24609375               3.6526126449322955              2.7297892847826244              9.6059881246058705             24.0149703115146806              1.3999999999999999              1.3999999999999999
       0.31640625               3.6505947281693665              2.7284430494369514              9.6155196999412613             24.0387992498531560              1.3999999999999999              1.3999999999999999
       0.38671875               3.6701460300865225              2.7151590292651173              9.7094771310532408             24.2736928276331092              1.3999999999999999              1.3999999999999999
       0.45703125               3.7560107164866032              2.6676580429119321             10.0520185629767571             25.1300464074418990              1.3999999999999999              1.3999999999999999
       0.52734375               3.9130105518391951              2.5853357995493940             10.6652192660951233             26.6630481652378108              1.3999999999999999              1.3999999999999999
       0.59765625               4.0066685115031762              2.5382354355035335             11.0285924272190421             27.5714810680476106              1.3999999999999999              1.3999999999999999
       0.66796875               4.0152752765379116              2.5344538447528739             11.0585239971369766             27.6463099928424469              1.3999999999999999              1.3999999999999999
       0.73828125               4.0098565903982903              2.5386684602872926             11.0256175375578120             27.5640438438945345              1.3999999999999999              1.3999999999999999
       0.80859375               3.9862983881531329              2.5530858203624081             10.9132870338132282             27.2832175845330767              1.3999999999999999              1.3999999999999999
       0.87890625               3.9422718958807628              2.5781917517626201             10.7195302490701874             26.7988256226754764              1.3999999999999999              1.3999999999999999
       0.94921875               3.8840524430578576              2.6099827666959139             10.4777074592288812             26.1942686480722102              1.3999999999999999              1.3999999999999999
       1.01953125               3.8190675213469598              2.6449535972008604             10.2167602335616596             25.5419005839041553              1.3999999999999999              1.3999999999999999
       1.08984375               3.7492240611972703              2.6829434207102025              9.9392338079262661             24.8480845198156715              1.3999999999999999              1.3999999999999999
       1.16015625               3.6825002777051088              2.7199222321594827              9.6745680259154785             24.1864200647887024              1.3999999999999999              1.3999999999999999
       1.23046875               3.6537836661984362              2.7363833791892676              9.5587578519871172             23.8968946299677967              1.3999999999999999              1.3999999999999999
       1.30078125               3.6553094152433547              2.7356307246850498              9.5636576693277302             23.9091441733193300              1.3999999999999999              1.3999999999999999
       1.37109375               3.6782218682043051              2.7232053277472121              9.6509991793582479             24.1274979483956216              1.3999999999999999              1.3999999999999999
       1.44140625               3.7530593738180085              2.6833540215041443              9.9364889572654462             24.8412223931636227              1.3999999999999999              1.3999999999999999
       1.51171875               3.8795675005982782              2.6191852261605879             10.4099252905752682             26.0248132264381766              1.3999999999999999              1.3999999999999999
       1.58203125               4.0066129862961883              2.5594062244551474             10.8665004451430889             27.1662511128577293              1.3999999999999999              1.3999999999999999
       1.65234375               4.0769762384380908              2.5306601496325021             11.0928035512849572             27.7320088782123975              1.3999999999999999              1.3999999999999999
       1.72265625               4.0796510985294150              2.5295240149085783             11.1024662549060942             27.7561656372652408              1.3999999999999999              1.3999999999999999
       1.79296875               4.0509522318502134              2.5366750203363657             11.0468561444631526             27.6171403611578867              1.3999999999999999              1.3999999999999999
       1.86328125               3.9771118161490526              2.5582657644266003             10.8796665569911344             27.1991663924778422              1.3999999999999999              1.3999999999999999
       1.93359375               3.9046647973272424              2.5929647595631735             10.6156839550435418             26.5392098876088625              1.3999999999999999              1.3999999999999999
       2.00390625               3.8507619143856435              2.6347929813205342             10.3025372417401986             25.7563431043505062              1.3999999999999999              1.3999999999999999
       2.07421875               3.8503469902465368              2.6787378847550132              9.9782193030658011             24.9455482576645089              1.3999999999999999              1.3999999999999999
       2.14453125               3.8015339441234244              2.7190475851943550              9.6780007974615128             24.1950019936537899              1.3999999999999999              1.3999999999999999
       2.21484375               3.7048439785662910              2.7415732825565482              9.4642197896247566             23.6605494740618951              1.3999999999999999              1.3999999999999999
       2.28515625               3.4567406206671887              2.7160857097132753              9.2748209399006392             23.1870523497516032              1.3999999999999999              1.3999999999999999
       2.35546875               2.9166407387442068              2.4932997191848587              8.1679060498281224             20.4197651245703113              1.3999999999999999              1.3999999999999999
       2.42578125               1.8140234494644560              1.4460324059565945              3.9583119241099016              9.8957798102747567              1.3999999999999999              1.3999999999999999
       2.49609375               1.0546673028943663              0.1119455438382051              1.1383930016536843              2.8459825041342111              1.3999999999999999              1.3999999999999999
       2.56640625               1.0528582667672146              0.0003853927563974              1.0004683757042592              2.5011709392606485              1.3999999999999999              1.3999999999999999
       2.63671875               1.1157551079433827              0.0000005419664953              1.0000006814661937              2.5000017036654847              1.3999999999999999              1.3999999999999999
       2.70703125               1.1648397259192211              0.0000000007467580              1.0000000009577874              2.5000000023944691              1.3999999999999999              1.3999999999999999
       2.77734375               1.1937602880277047              0.0000000000009998              1.0000000000012950              2.5000000000032379              1.3999999999999999              1.3999999999999999
       2.84765625               1.1989784604602702              0.0000000000000012              1.0000000000000013              2.5000000000000044              1.3999999999999999              1.3999999999999999
       2.91796875               1.1798559116332676              0.0000000000000000              0.9999999999999999              2.5000000000000000              1.3999999999999999              1.3999999999999999
       2.98828125               1.1387318727855835             -0.0000000000000001              0.9999999999999999              2.5000000000000004              1.3999999999999999              1.3999999999999999
       3.05859375               1.0806369827330395             -0.0000000000000000              1.0000000000000000              2.5000000000000004              1.3999999999999999              1.3999999999999999
       3.12890625               1.0126778977547457              0.0000000000000000              0.9999999999999999              2.5000000000000004              1.3999999999999999              1.3999999999999999
       3.19921875               0.9431679455383319              0.0000000000000000              1.0000000000000000              2.5000000000000004              1.3999999999999999              1.3999999999999999
       3.26953125               0.8806101689148053              0.0000000000000000              0.9999999999999999              2.5000000000000004              1.3999999999999999              1.3999999999999999
       3.33984375               0.8326571620391197              0.0000000000000000              1.0000000000000000              2.5000000000000004              1.3999999999999999              1.3999999999999999
       3.41015625               0.8051749406160487              0.0000000000000000              1.0000000000000000              2.5000000000000004              1.3999999999999999              1.3999999999999999
       3.48046875               0.8015253614502704              0.0000000000000002              1.0000000000000000              2.5000000000000004              1.3999999999999999              1.3999999999999999
       3.55078125               0.8221548718054106              0.0000000000000003              1.0000000000000000              2.5000000000000004              1.3999999999999999              1.3999999999999999
       3.62109375               0.8645398962143714              0.0000000000000000              0.9999999999999996              2.4999999999999996              1.3999999999999999              1.3999999999999999
       3.69140625               0.9234955414863104             -0.0000000000000003              0.9999999999999999              2.5000000000000004              1.3999999999999999              1.3999999999999999
       3.76171875               0.9918098565136189             -0.0000000000000002              1.0000000000000000              2.5000000000000004              1.3999999999999999              1.3999999999999999
       3.83203125               1.0611260588770022             -0.0000000000000000              1.0000000000000000              2.5000000000000004              1.3999999999999999              1.3999999999999999
       3.90234375               1.1229648068594127              0.0000000000000000              1.0000000000000000              2.5000000000000009              1.3999999999999999              1.3999999999999999
       3.97265625               1.1697614639455898              0.0000000000000000              1.0000000000000000              2.5000000000000004              1.3999999999999999              1.3999999999999999
       4.04296875               1.1957914688768398              0.0000000000000000              1.0000000000000000              2.5000000000000004              1.3999999999999999              1.3999999999999999
       4.11328125               1.1978706122016491              0.0000000000000000              1.0000000000000000              2.5000000000000004              1.3999999999999999              1.3999999999999999
       4.18359375               1.1757445555960953              0.0000000000000000              1.0000000000000000              2.5000000000000004              1.3999999999999999              1.3999999999999999
       4.25390625               1.1321199446698971              0.0000000000000000              1.0000000000000000              2.5000000000000004              1.3999999999999999              1.3999999999999999
       4.32421875               1.0723333092776084              0.0000000000000000              1.0000000000000000              2.5000000000000004              1.3999999999999999              1.3999999999999999
       4.39453125               1.0036982542377115              0.0000000000000000              1.0000000000000000              2.5000000000000004              1.3999999999999999              1.3999999999999999
       4.46484375               0.9346107975894047              0.0000000000000000              1.0000000000000000              2.5000000000000004              1.3999999999999999              1.3999999999999999
