       0.00390625               3.0000000000000000              0.0000000000000000              3.0000000000000000              7.5000000000000018              1.3999999999999999              1.3999999999999999 0
       0.01171875               3.0000000000000000              0.0000000000000000              3.0000000000000000              7.5000000000000018              1.3999999999999999              1.3999999999999999 0
       0.01953125               3.0000000000000000              0.0000000000000000              3.0000000000000000              7.5000000000000018              1.3999999999999999              1.3999999999999999 0
       0.02734375               3.0000000000000000              0.0000000000000000              3.0000000000000000              7.5000000000000018              1.3999999999999999              1.3999999999999999 0
       0.03515625               3.0000000000000000              0.0000000000000000              3.0000000000000000              7.5000000000000018              1.3999999999999999              1.3999999999999999 0
       0.04296875               3.0000000000000000              0.0000000000000000              3.0000000000000000              7.5000000000000018              1.3999999999999999              1.3999999999999999 0
       0.05078125               3.0000000000000000              0.0000000000000000              3.0000000000000000              7.5000000000000018              1.3999999999999999              1.3999999999999999 0
       0.05859375               3.0000000000000000              0.0000000000000000              3.0000000000000000              7.5000000000000018              1.3999999999999999              1.3999999999999999 0
       0.06640625               3.0000000000000000              0.0000000000000000              3.0000000000000000              7.5000000000000018              1.3999999999999999              1.3999999999999999 0
       0.07421875               3.0000000000000000              0.0000000000000000              3.0000000000000000              7.5000000000000018              1.3999999999999999              1.3999999999999999 0
       0.08203125               3.0000000000000000              0.0000000000000000              3.0000000000000000              7.5000000000000018              1.3999999999999999              1.3999999999999999 0
       0.08984375               3.0000000000000000              0.0000000000000000              3.0000000000000000              7.5000000000000018              1.3999999999999999              1.3999999999999999 0
       0.09765625               3.0000000000000000              0.0000000000000000              3.0000000000000000              7.5000000000000018              1.3999999999999999              1.3999999999999999 0
       0.10546875               3.0000000000000000              0.0000000000000000              3.0000000000000000              7.5000000000000018              1.3999999999999999              1.3999999999999999 0
       0.11328125               3.0000000000000000              0.0000000000000000              3.0000000000000000              7.5000000000000018              1.3999999999999999              1.3999999999999999 0
       0.12109375               3.0000000000000000              0.0000000000000000              3.0000000000000000              7.5000000000000018              1.3999999999999999              1.3999999999999999 0
       0.12890625               3.0000000000000000              0.0000000000000000              3.0000000000000000              7.5000000000000018              1.3999999999999999              1.3999999999999999 0
       0.13671875               3.0000000000000000              0.0000000000000000              3.0000000000000000              7.5000000000000018              1.3999999999999999              1.3999999999999999 0
       0.14453125               3.0000000000000000              0.0000000000000000              3.0000000000000000              7.5000000000000018              1.3999999999999999              1.3999999999999999 0
       0.15234375               3.0000000000000000              0.0000000000000000              3.0000000000000000              7.5000000000000018              1.3999999999999999              1.3999999999999999 0
       0.16015625               3.0000000000000000              0.0000000000000000              3.0000000000000000              7.5000000000000018              1.3999999999999999              1.3999999999999999 0
       0.16796875               3.0000000000000000              0.0000000000000000              3.0000000000000000              7.5000000000000018              1.3999999999999999              1.3999999999999999 0
       0.17578125               2.9999999999999996              0.0000000000000002              2.9999999999999991              7.5000000000000000              1.3999999999999999              1.3999999999999999 0
       0.18359375               2.9999999999999725              0.0000000000000109              2.9999999999999609              7.4999999999999050              1.3999999999999999              1.3999999999999999 0
       0.19140625               2.9999999999991038              0.0000000000003534              2.9999999999987454              7.4999999999968647              1.3999999999999999              1.3999999999999999 0
       0.19921875               2.9999999999812328              0.0000000000074019              2.9999999999737264              7.4999999999343174              1.3999999999999999              1.3999999999999999 0
       0.20703125               2.9999999997148024              0.0000000001124835              2.9999999996007229              7.4999999990018091              1.3999999999999999              1.3999999999999999 0
       0.21484375               2.9999999966495245              0.0000000013214455              2.9999999953093335              7.4999999882733359              1.3999999999999999              1.3999999999999999 0
       0.22265625               2.9999999683539662              0.0000000124813641              2.9999999556955523              7.4999998892388824              1.3999999999999999              1.3999999999999999 0
       0.23046875               2.9999997532540177              0.0000000973179264              2.9999996545556447              7.4999991363891141              1.3999999999999999              1.3999999999999999 0
       0.23828125               2.9999983819778060              0.0000006381565329              2.9999977347696856              7.4999943369242157              1.3999999999999999              1.3999999999999999 0
       0.24609375               2.9999909558295652              0.0000035670689849              2.9999873381824091              7.4999683454560246              1.3999999999999999              1.3999999999999999 0
       0.25390625               2.9999564835566899              0.0000171631359104              2.9999390774132486              7.4998476935331224              1.3999999999999999              1.3999999999999999 0
       0.26171875               2.9998184983022198              0.0000715858406536              2.9997459043803527              7.4993647609508836              1.3999999999999999              1.3999999999999999 0
       0.26953125               2.9993406028314809              0.0002600808871193              2.9990769241206370              7.4976923103015940              1.3999999999999999              1.3999999999999999 0
       0.27734375               2.9979066492395723              0.0008257685422203              2.9970700381181183              7.4926750952952972              1.3999999999999999              1.3999999999999999 0
       0.28515625               2.9941794374519586              0.0022969261740161              2.9918563277331556              7.4796408193328894              1.3999999999999999              1.3999999999999999 0
       0.29296875               2.9857898929809958              0.0056130532009704              2.9801335463300731              7.4503338658251845              1.3999999999999999              1.3999999999999999 0
       0.30078125               2.9694149990801697              0.0121063529718232              2.9572973749045448              7.3932434372613649              1.3999999999999999              1.3999999999999999 0
       0.30859375               2.9415534941266905              0.0232212649790656              2.9185679376545344              7.2964198441363379              1.3999999999999999              1.3999999999999999 0
       0.31640625               2.8997855370809713              0.0400467010215172              2.8607912330573928              7.1519780826434847              1.3999999999999999              1.3999999999999999 0
       0.32421875               2.8437277817997968              0.0629435636597294              2.7837701748063362              6.9594254370158417              1.3999999999999999              1.3999999999999999 0
       0.33203125               2.7750209474743999              0.0915129666593114              2.6901828667858387              6.7254571669645991              1.3999999999999999              1.3999999999999999 0
       0.33984375               2.6964416849881832              0.1248947844517601              2.5842571458221881              6.4606428645554708              1.3999999999999999              1.3999999999999999 0
       0.34765625               2.6107246083241993              0.1622093142884710              2.4700866802284671              6.1752167005711689              1.3999999999999999              1.3999999999999999 0
       0.35546875               2.5205201366944472              0.2025587618707750              2.3515144145367706              5.8787860363419266              1.3999999999999999              1.3999999999999999 0
       0.36328125               2.4341211761989037              0.2422415290990278              2.2394679772181867              5.5986699430454685              1.3999999999999999              1.3999999999999999 0
       0.37109375               2.3535949145219051              0.2802785389126059              2.1364691085623875              5.3411727714059696              1.3999999999999999              1.3999999999999999 0
       0.37890625               2.2789499709348355              0.3164502932736538              2.0422445468192705              5.1056113670481773              1.3999999999999999              1.3999999999999999 0
       0.38671875               2.2108516092065664              0.3502773644350144              1.9573595428274151              4.8933988570685392              1.3999999999999999              1.3999999999999999 0
       0.39453125               2.1504668914301779              0.3809731518704080              1.8829643844961790              4.7074109612404484              1.3999999999999999              1.3999999999999999 0
       0.40234375               2.0992823644385590              0.4075161486661144              1.8205624133355456              4.5514060333388642              1.3999999999999999              1.3999999999999999 0
       0.41015625               2.0587109782764408              0.4289184224415395              1.7715430866766706              4.4288577166916774              1.3999999999999999              1.3999999999999999 0
       0.41796875               2.0293716857633797              0.4446007914275204              1.7363542257403433              4.3408855643508586              1.3999999999999999              1.3999999999999999 0
       0.42578125               2.0105136603878870              0.4547675691343089              1.7138661680646758              4.2846654201616907              1.3999999999999999              1.3999999999999999 0
       0.43359375               2.0000009266073002              0.4604571425040337              1.7013996515459171              4.2534991288647932              1.3999999999999999              1.3999999999999999 0
       0.44140625               1.9950096445569376              0.4631426746696862              1.6955468236022360              4.2388670590055915              1.3999999999999999              1.3999999999999999 0
       0.44921875               1.9930159304338189              0.4641825879316875              1.6932846225099911              4.2332115562749788              1.3999999999999999              1.3999999999999999 0
       0.45703125               1.9923340908512324              0.4644948663913798              1.6926068363198949              4.2315170907997386              1.3999999999999999              1.3999999999999999 0
       0.46484375               1.9920903300773389              0.4645521684423438              1.6924823598320431              4.2312058995801083              1.3999999999999999              1.3999999999999999 0
       0.47265625               1.9919280135462529              0.4645444270611648              1.6924984115846631              4.2312460289616585              1.3999999999999999              1.3999999999999999 0
       0.48046875               1.9917785163690502              0.4645003248804829              1.6925953145210506              4.2314882863026275              1.3999999999999999              1.3999999999999999 0
       0.48828125               1.9915123278699578              0.4644689790143123              1.6926647659414487              4.2316619148536221              1.3999999999999999              1.3999999999999999 0
       0.49609375               1.9910554687894670              0.4644465281847817              1.6927144637869806              4.2317861594674531              1.3999999999999999              1.3999999999999999 0
       0.50390625               1.9902429615686887              0.4644272358112913              1.6927591707281178              4.2318979268202952              1.3999999999999999              1.3999999999999999 0
       0.51171875               1.9886890551052292              0.4644094030221486              1.6928012423433128              4.2320031058582828              1.3999999999999999              1.3999999999999999 0
       0.51953125               1.9855894030573060              0.4643925609133776              1.6928412361629073              4.2321030904072687              1.3999999999999999              1.3999999999999999 0
       0.52734375               1.9793871309604447              0.4643763539965992              1.6928788514193522              4.2321971285483819              1.3999999999999999              1.3999999999999999 0
       0.53515625               1.9673312451841496              0.4643605687562108              1.6929134163377639              4.2322835408444108              1.3999999999999999              1.3999999999999999 0
       0.54296875               1.9450793756131206              0.4643453514997528              1.6929449925295117              4.2323624813237801              1.3999999999999999              1.3999999999999999 0
       0.55078125               1.9066568892848395              0.4643307906401630              1.6929739078199182              4.2324347695497968              1.3999999999999999              1.3999999999999999 0
       0.55859375               1.8455153026242761              0.4643175132068263              1.6930012385735005              4.2325030964337520              1.3999999999999999              1.3999999999999999 0
       0.56640625               1.7579343941168526              0.4643057290445590              1.6930268962735171              4.2325672406837942              1.3999999999999999              1.3999999999999999 0
       0.57421875               1.6624514237719410              0.4642956766824854              1.6930517878959441              4.2326294697398614              1.3999999999999999              1.3999999999999999 0
       0.58203125               1.5885064801317883              0.4642865880282829              1.6930749598725354              4.2326873996813390              1.3999999999999999              1.3999999999999999 0
       0.58984375               1.5364612574285403              0.4642784056148576              1.6930961811421050              4.2327404528552641              1.3999999999999999              1.3999999999999999 0
       0.59765625               1.5018048763749472              0.4642706931591248              1.6931151624691201              4.2327879061728009              1.3999999999999999              1.3999999999999999 0
       0.60546875               1.4797761021064746              0.4642628886020629              1.6931321263680175              4.2328303159200447              1.3999999999999999              1.3999999999999999 0
       0.61328125               1.4663505377091630              0.4642552714737082              1.6931474878074584              4.2328687195186472              1.3999999999999999              1.3999999999999999 0
       0.62109375               1.4584853793613444              0.4642483132796711              1.6931615276993994              4.2329038192484996              1.3999999999999999              1.3999999999999999 0
       0.62890625               1.4540553766751700              0.4642421239060066              1.6931755129101884              4.2329387822754718              1.3999999999999999              1.3999999999999999 0
       0.63671875               1.4516673731730763              0.4642373570224369              1.6931913964944172              4.2329784912360440              1.3999999999999999              1.3999999999999999 0
       0.64453125               1.4504533134274329              0.4642353730201809              1.6932104616047672              4.2330261540119194              1.3999999999999999              1.3999999999999999 0
       0.65234375               1.4498933624488886              0.4642369877919356              1.6932339834044332              4.2330849585110837              1.3999999999999999              1.3999999999999999 0
       0.66015625               1.4496831135826320              0.4642438528711596              1.6932659076230243              4.2331647690575620              1.3999999999999999              1.3999999999999999 0
       0.66796875               1.4496498225179058              0.4642628289432799              1.6933197420062256              4.2332993550155642              1.3999999999999999              1.3999999999999999 0
       0.67578125               1.4497001836769119              0.4642950756856768              1.6933992196176124              4.2334980490440319              1.3999999999999999              1.3999999999999999 0
       0.68359375               1.4497597415907018              0.4642946717729031              1.6934147205334060              4.2335368013335160              1.3999999999999999              1.3999999999999999 0
       0.69140625               1.4495374275704085              0.4640127394909777              1.6929071525777293              4.2322678814443240              1.3999999999999999              1.3999999999999999 0
       0.69921875               1.4467214314029748              0.4614547853275724              1.6881848254576037              4.2204620636440104              1.3999999999999999              1.3999999999999999 1
       0.70703125               1.4377973746675066              0.4534889941467257              1.6735241991943643              4.1838104979859114              1.3999999999999999              1.3999999999999999 1
       0.71484375               1.4122814751513222              0.4305837859764818              1.6319523640690501              4.0798809101726263              1.3999999999999999              1.3999999999999999 1
       0.72265625               1.3516916547048339              0.3748073995743087              1.5344272282238272              3.8360680705595689              1.3999999999999999              1.3999999999999999 1
       0.73046875               1.2469190882960239              0.2728912229504680              1.3692264378231005              3.4230660945577518              1.3999999999999999              1.3999999999999999 1
       0.73828125               1.1275661034143725              0.1469222301680191              1.1865083591192560              2.9662708977981405              1.3999999999999999              1.3999999999999999 1
       0.74609375               1.0466754268840615              0.0549876361291550              1.0667389062197430              2.6668472655493582              1.3999999999999999              1.3999999999999999 1
       0.75390625               1.0131932002585939              0.0156175839384752              1.0186090733498356              2.5465226833745893              1.3999999999999999              1.3999999999999999 1
       0.76171875               1.0032463879422828              0.0038423207528796              1.0045543809083852              2.5113859522709636              1.3999999999999999              1.3999999999999999 0
       0.76953125               1.0004550186911934              0.0005384994002119              1.0006373031640869              2.5015932579102178              1.3999999999999999              1.3999999999999999 0
       0.77734375               1.0000307333470930              0.0000363647862332              1.0000430280467889              2.5001075701169726              1.3999999999999999              1.3999999999999999 0
       0.78515625               1.0000021389139222              0.0000025308007447              1.0000029944869169              2.5000074862172927              1.3999999999999999              1.3999999999999999 0
       0.79296875               1.0000001215264851              0.0000001437920911              1.0000001701371062              2.5000004253427659              1.3999999999999999              1.3999999999999999 0
       0.80078125               1.0000000055737619              0.0000000065949639              1.0000000078032665              2.5000000195081666              1.3999999999999999              1.3999999999999999 0
       0.80859375               1.0000000002065903              0.0000000002444408              1.0000000002892264              2.5000000007230665              1.3999999999999999              1.3999999999999999 0
       0.81640625               1.0000000000049207              0.0000000000058222              1.0000000000068889              2.5000000000172227              1.3999999999999999              1.3999999999999999 0
       0.82421875               1.0000000000000540              0.0000000000000639              1.0000000000000755              2.5000000000001892              1.3999999999999999              1.3999999999999999 0
       0.83203125               1.0000000000000000              0.0000000000000000              1.0000000000000000              2.5000000000000004              1.3999999999999999              1.3999999999999999 0
       0.83984375               1.0000000000000000              0.0000000000000000              1.0000000000000000              2.5000000000000004              1.3999999999999999              1.3999999999999999 0
       0.84765625               1.0000000000000000              0.0000000000000000              1.0000000000000000              2.5000000000000004              1.3999999999999999              1.3999999999999999 0
       0.85546875               1.0000000000000000              0.0000000000000000              1.0000000000000000              2.5000000000000004              1.3999999999999999              1.3999999999999999 0
       0.86328125               1.0000000000000000              0.0000000000000000              1.0000000000000000              2.5000000000000004              1.3999999999999999              1.3999999999999999 0
       0.87109375               1.0000000000000000              0.0000000000000000              1.0000000000000000              2.5000000000000004              1.3999999999999999              1.3999999999999999 0
       0.87890625               1.0000000000000000              0.0000000000000000              1.0000000000000000              2.5000000000000004              1.3999999999999999              1.3999999999999999 0
       0.88671875               1.0000000000000000              0.0000000000000000              1.0000000000000000              2.5000000000000004              1.3999999999999999              1.3999999999999999 0
       0.89453125               1.0000000000000000              0.0000000000000000              1.0000000000000000              2.5000000000000004              1.3999999999999999              1.3999999999999999 0
       0.90234375               1.0000000000000000              0.0000000000000000              1.0000000000000000              2.5000000000000004              1.3999999999999999              1.3999999999999999 0
       0.91015625               1.0000000000000000              0.0000000000000000              1.0000000000000000              2.5000000000000004              1.3999999999999999              1.3999999999999999 0
       0.91796875               1.0000000000000000              0.0000000000000000              1.0000000000000000              2.5000000000000004              1.3999999999999999              1.3999999999999999 0
       0.92578125               1.0000000000000000              0.0000000000000000              1.0000000000000000              2.5000000000000004              1.3999999999999999              1.3999999999999999 0
       0.93359375               1.0000000000000000              0.0000000000000000              1.0000000000000000              2.5000000000000004              1.3999999999999999              1.3999999999999999 0
       0.94140625               1.0000000000000000              0.0000000000000000              1.0000000000000000              2.5000000000000004              1.3999999999999999              1.3999999999999999 0
       0.94921875               1.0000000000000000              0.0000000000000000              1.0000000000000000              2.5000000000000004              1.3999999999999999              1.3999999999999999 0
       0.95703125               1.0000000000000000              0.0000000000000000              1.0000000000000000              2.5000000000000004              1.3999999999999999              1.3999999999999999 0
       0.96484375               1.0000000000000000              0.0000000000000000              1.0000000000000000              2.5000000000000004              1.3999999999999999              1.3999999999999999 0
       0.97265625               1.0000000000000000              0.0000000000000000              1.0000000000000000              2.5000000000000004              1.3999999999999999              1.3999999999999999 0
       0.98046875               1.0000000000000000              0.0000000000000000              1.0000000000000000              2.5000000000000004              1.3999999999999999              1.3999999999999999 0
       0.98828125               1.0000000000000000              0.0000000000000000              1.0000000000000000              2.5000000000000004              1.3999999999999999              1.3999999999999999 0
       0.99609375               1.0000000000000000              0.0000000000000000              1.0000000000000000              2.5000000000000004              1.3999999999999999              1.3999999999999999 0
