       0.00390625               1.0000000000000000              0.0000000000000000              1.0000000000000000              2.5000000000000004              1.3999999999999999              1.3999999999999999
       0.01171875               1.0000000000000000              0.0000000000000000              1.0000000000000000              2.5000000000000004              1.3999999999999999              1.3999999999999999
       0.01953125               1.0000000000000000              0.0000000000000000              1.0000000000000000              2.5000000000000004              1.3999999999999999              1.3999999999999999
       0.02734375               1.0000000000000000              0.0000000000000000              1.0000000000000000              2.5000000000000004              1.3999999999999999              1.3999999999999999
       0.03515625               1.0000000000000000              0.0000000000000000              1.0000000000000000              2.5000000000000004              1.3999999999999999              1.3999999999999999
       0.04296875               1.0000000000000000              0.0000000000000000              1.0000000000000000              2.5000000000000004              1.3999999999999999              1.3999999999999999
       0.05078125               1.0000000000000000              0.0000000000000000              1.0000000000000000              2.5000000000000004              1.3999999999999999              1.3999999999999999
       0.05859375               1.0000000000000000              0.0000000000000000              1.0000000000000000              2.5000000000000004              1.3999999999999999              1.3999999999999999
       0.06640625               1.0000000000000000              0.0000000000000001              1.0000000000000000              2.5000000000000004              1.3999999999999999              1.3999999999999999
       0.07421875               0.9999999999999994              0.0000000000000007              0.9999999999999992              2.4999999999999987              1.3999999999999999              1.3999999999999999
       0.08203125               0.9999999999999953              0.0000000000000056              0.9999999999999933              2.4999999999999840              1.3999999999999999              1.3999999999999999
       0.08984375               0.9999999999999609              0.0000000000000464              0.9999999999999452              2.4999999999998637              1.3999999999999999              1.3999999999999999
       0.09765625               0.9999999999997000              0.0000000000003549              0.9999999999995799              2.4999999999989502              1.3999999999999999              1.3999999999999999
       0.10546875               0.9999999999978829              0.0000000000025049              0.9999999999970361              2.4999999999925908              1.3999999999999999              1.3999999999999999
       0.11328125               0.9999999999861967              0.0000000000163323              0.9999999999806755              2.4999999999516889              1.3999999999999999              1.3999999999999999
       0.12109375               0.9999999999166781              0.0000000000985878              0.9999999998833491              2.4999999997083733              1.3999999999999999              1.3999999999999999
       0.12890625               0.9999999995335735              0.0000000005518834              0.9999999993470027              2.4999999983675076              1.3999999999999999              1.3999999999999999
       0.13671875               0.9999999975754578              0.0000000028687574              0.9999999966056407              2.4999999915141022              1.3999999999999999              1.3999999999999999
       0.14453125               0.9999999882847386              0.0000000138616846              0.9999999835986337              2.4999999589965851              1.3999999999999999              1.3999999999999999
       0.15234375               0.9999999473396337              0.0000000623085859              0.9999999262754889              2.4999998156887231              1.3999999999999999              1.3999999999999999
       0.16015625               0.9999997796859296              0.0000002606791224              0.9999996915603401              2.4999992289008506              1.3999999999999999              1.3999999999999999
       0.16796875               0.9999991419240644              0.0000010152891673              0.9999987986942369              2.4999969967355926              1.3999999999999999              1.3999999999999999
       0.17578125               0.9999968889234437              0.0000036810763850              0.9999956444994192              2.4999891112485484              1.3999999999999999              1.3999999999999999
       0.18359375               0.9999895035090955              0.0000124196325514              0.9999853049817490              2.4999632624543731              1.3999999999999999              1.3999999999999999
       0.19140625               0.9999670667309654              0.0000389673909289              0.9999538940490206              2.4998847351225519              1.3999999999999999              1.3999999999999999
       0.19921875               0.9999040054407348              0.0001135845885126              0.9998656125234038              2.4996640313085101              1.3999999999999999              1.3999999999999999
       0.20703125               0.9997404019408501              0.0003071800517537              0.9996365959144888              2.4990914897862231              1.3999999999999999              1.3999999999999999
       0.21484375               0.9993497093137765              0.0007695717679358              0.9990897862895007              2.4977244657237523              1.3999999999999999              1.3999999999999999
       0.22265625               0.9984936239278634              0.0017831784020952              0.9978920380510224              2.4947300951275566              1.3999999999999999              1.3999999999999999
       0.23046875               0.9967778475913839              0.0038165258766992              0.9954930776133166              2.4887326940332919              1.3999999999999999              1.3999999999999999
       0.23828125               0.9936404864241405              0.0075414776107432              0.9911114596547751              2.4777786491369382              1.3999999999999999              1.3999999999999999
       0.24609375               0.9884117177630196              0.0137702019586926              0.9838224558479257              2.4595561396198145              1.3999999999999999              1.3999999999999999
       0.25390625               0.9804576325100594              0.0232964866900393              0.9727652827181811              2.4319132067954530              1.3999999999999999              1.3999999999999999
       0.26171875               0.9693634865396373              0.0366889089481720              0.9574038236431094              2.3935095591077742              1.3999999999999999              1.3999999999999999
       0.26953125               0.9550664463378170              0.0541328588453438              0.9377106062850257              2.3442765157125649              1.3999999999999999              1.3999999999999999
       0.27734375               0.9378662761184154              0.0754017676777938              0.9141722008358748              2.2854305020896875              1.3999999999999999              1.3999999999999999
       0.28515625               0.9183157862003193              0.0999625408327636              0.8876227132190770              2.2190567830476930              1.3999999999999999              1.3999999999999999
       0.29296875               0.8970570655665111              0.1271505321362947              0.8590047645545672              2.1475119113864185              1.3999999999999999              1.3999999999999999
       0.30078125               0.8746766831307949              0.1563361181019306              0.8291647761955668              2.0729119404889174              1.3999999999999999              1.3999999999999999
       0.30859375               0.8516127749307090              0.1870442071185187              0.7987286003943973              1.9968215009859935              1.3999999999999999              1.3999999999999999
       0.31640625               0.8281091622787116              0.2190291733424986              0.7680479887379985              1.9201199718449968              1.3999999999999999              1.3999999999999999
       0.32421875               0.8047358330846468              0.2515612406019485              0.7378775147358173              1.8446937868395437              1.3999999999999999              1.3999999999999999
       0.33203125               0.7819681575683486              0.2839809702137610              0.7088227225179037              1.7720568062947595              1.3999999999999999              1.3999999999999999
       0.33984375               0.7598295814875955              0.3162356598428184              0.6808935720199334              1.7022339300498339              1.3999999999999999              1.3999999999999999
       0.34765625               0.7383160998946111              0.3483090764208434              0.6540632599220075              1.6351581498050194              1.3999999999999999              1.3999999999999999
       0.35546875               0.7174122353050709              0.3801972242724873              0.6282912486587868              1.5707281216469673              1.3999999999999999              1.3999999999999999
       0.36328125               0.6970997837141437              0.4119027601191804              0.6035347183598088              1.5088367958995224              1.3999999999999999              1.3999999999999999
       0.37109375               0.6773601953851676              0.4434302003035593              0.5797515173365316              1.4493787933413296              1.3999999999999999              1.3999999999999999
       0.37890625               0.6581755046927574              0.4747832041558648              0.5569013037536459              1.3922532593841150              1.3999999999999999              1.3999999999999999
       0.38671875               0.6395294230080032              0.5059639529506632              0.5349467655195109              1.3373669137987776              1.3999999999999999              1.3999999999999999
       0.39453125               0.6214076121291050              0.5369722614771285              0.5138538063761040              1.2846345159402603              1.3999999999999999              1.3999999999999999
       0.40234375               0.6037977761492146              0.5678047400709004              0.4935915098088324              1.2339787745220814              1.3999999999999999              1.3999999999999999
       0.41015625               0.5866899460528394              0.5984541476395460              0.4741323172367557              1.1853307930918895              1.3999999999999999              1.3999999999999999
       0.41796875               0.5700768214708700              0.6289083105716687              0.4554522529150892              1.1386306322877233              1.3999999999999999              1.3999999999999999
       0.42578125               0.5539543325706358              0.6591483907415567              0.4375313713386390              1.0938284283465975              1.3999999999999999              1.3999999999999999
       0.43359375               0.5383226802647924              0.6891461920785784              0.4203546911049987              1.0508867277624969              1.3999999999999999              1.3999999999999999
       0.44140625               0.5231881327152036              0.7188595918630495              0.4039138766669964              1.0097846916674913              1.3999999999999999              1.3999999999999999
       0.44921875               0.5085662216751453              0.7482245133733031              0.3882102960400092              0.9705257401000231              1.3999999999999999              1.3999999999999999
       0.45703125               0.4944876219252413              0.7771403860959001              0.3732607029739764              0.9331517574349413              1.3999999999999999              1.3999999999999999
       0.46484375               0.4810091096717394              0.8054430704475530              0.3591078503749315              0.8977696259373291              1.3999999999999999              1.3999999999999999
       0.47265625               0.4682338881603879              0.8328543732574897              0.3458401269489157              0.8646003173722896              1.3999999999999999              1.3999999999999999
       0.48046875               0.4563476286403496              0.8588917098231627              0.3336261880876689              0.8340654702191725              1.3999999999999999              1.3999999999999999
       0.48828125               0.4456746030058358              0.8827253297014757              0.3227684711936921              0.8069211779842304              1.3999999999999999              1.3999999999999999
       0.49609375               0.4367364994970288              0.9030235869890111              0.3137583566366197              0.7843958915915493              1.3999999999999999              1.3999999999999999
       0.50390625               0.4302172718105730              0.9180239822552857              0.3072389431147037              0.7680973577867594              1.3999999999999999              1.3999999999999999
       0.51171875               0.4266005306503257              0.9264127268556948              0.3036468922762626              0.7591172306906566              1.3999999999999999              1.3999999999999999
       0.51953125               0.4254261278476105              0.9291143999349716              0.3025006075728032              0.7562515189320081              1.3999999999999999              1.3999999999999999
       0.52734375               0.4253147844102344              0.9293125483312638              0.3024192181938918              0.7560480454847296              1.3999999999999999              1.3999999999999999
       0.53515625               0.4254668925596677              0.9288804194546915              0.3026060329577069              0.7565150823942675              1.3999999999999999              1.3999999999999999
       0.54296875               0.4255387164369409              0.9286207865832872              0.3027198177470155              0.7567995443675387              1.3999999999999999              1.3999999999999999
       0.55078125               0.4255560536528804              0.9284694454754886              0.3027878695693716              0.7569696739234293              1.3999999999999999              1.3999999999999999
       0.55859375               0.4255486246035018              0.9283516400133924              0.3028419460136939              0.7571048650342350              1.3999999999999999              1.3999999999999999
       0.56640625               0.4255155054541567              0.9282627719599276              0.3028840176394328              0.7572100440985823              1.3999999999999999              1.3999999999999999
       0.57421875               0.4254677436475676              0.9281676788515731              0.3029290453171601              0.7573226132929004              1.3999999999999999              1.3999999999999999
       0.58203125               0.4253901058445143              0.9280891458837828              0.3029673806273583              0.7574184515683959              1.3999999999999999              1.3999999999999999
       0.58984375               0.4252810706755934              0.9280116339242204              0.3030056619473525              0.7575141548683814              1.3999999999999999              1.3999999999999999
       0.59765625               0.4251284572517128              0.9279333558444675              0.3030446885710387              0.7576117214275968              1.3999999999999999              1.3999999999999999
       0.60546875               0.4249047405434153              0.9278664905204349              0.3030793245279520              0.7576983113198802              1.3999999999999999              1.3999999999999999
       0.61328125               0.4245582084209862              0.9278352007968029              0.3030993546203687              0.7577483865509221              1.3999999999999999              1.3999999999999999
       0.62109375               0.4240086431803737              0.9278389810499063              0.3031050593094206              0.7577626482735517              1.3999999999999999              1.3999999999999999
       0.62890625               0.4231074481926418              0.9278560777132469              0.3031057433239067              0.7577643583097669              1.3999999999999999              1.3999999999999999
       0.63671875               0.4215660734949089              0.9278533718240265              0.3031155032148909              0.7577887580372276              1.3999999999999999              1.3999999999999999
       0.64453125               0.4188308793420762              0.9278395011017786              0.3031307130944786              0.7578267827361969              1.3999999999999999              1.3999999999999999
       0.65234375               0.4139748415240290              0.9278222076409118              0.3031481174333222              0.7578702935833056              1.3999999999999999              1.3999999999999999
       0.66015625               0.4056048638197319              0.9277948121751592              0.3031704534201875              0.7579261335504690              1.3999999999999999              1.3999999999999999
       0.66796875               0.3918788895157013              0.9277890695301068              0.3031844689225123              0.7579611723062808              1.3999999999999999              1.3999999999999999
       0.67578125               0.3708495409889357              0.9278044324906765              0.3031905540563777              0.7579763851409446              1.3999999999999999              1.3999999999999999
       0.68359375               0.3422369458617749              0.9278355989359661              0.3031912339166750              0.7579780847916876              1.3999999999999999              1.3999999999999999
       0.69140625               0.3140001205336174              0.9278649564576690              0.3031934333362326              0.7579835833405816              1.3999999999999999              1.3999999999999999
       0.69921875               0.2941444285466548              0.9278878882084912              0.3031987708797243              0.7579969271993109              1.3999999999999999              1.3999999999999999
       0.70703125               0.2812807216428417              0.9279044625659438              0.3032071318699865              0.7580178296749666              1.3999999999999999              1.3999999999999999
       0.71484375               0.2735418087230464              0.9279122619348164              0.3032193948440995              0.7580484871102489              1.3999999999999999              1.3999999999999999
       0.72265625               0.2692331648522530              0.9279125359230393              0.3032352776065649              0.7580881940164125              1.3999999999999999              1.3999999999999999
       0.73046875               0.2670309359367848              0.9279120079773001              0.3032527539822407              0.7581318849556020              1.3999999999999999              1.3999999999999999
       0.73828125               0.2660169761883500              0.9279032371830639              0.3032746497134356              0.7581866242835891              1.3999999999999999              1.3999999999999999
       0.74609375               0.2656060141730166              0.9279254949474300              0.3032881066219498              0.7582202665548747              1.3999999999999999              1.3999999999999999
       0.75390625               0.2654609515812966              0.9280243735378179              0.3032781267027337              0.7581953167568344              1.3999999999999999              1.3999999999999999
       0.76171875               0.2654383244282364              0.9280822386525404              0.3032845324166467              0.7582113310416169              1.3999999999999999              1.3999999999999999
       0.76953125               0.2654600572088528              0.9281230729402735              0.3032997147212892              0.7582492868032232              1.3999999999999999              1.3999999999999999
       0.77734375               0.2655112645645061              0.9281824775834349              0.3033121820203788              0.7582804550509472              1.3999999999999999              1.3999999999999999
       0.78515625               0.2655784019720056              0.9281909771688261              0.3033458047414809              0.7583645118537022              1.3999999999999999              1.3999999999999999
       0.79296875               0.2655952960365298              0.9283403919913602              0.3033371202405616              0.7583428006014042              1.3999999999999999              1.3999999999999999
       0.80078125               0.2656534034476342              0.9282620066541963              0.3034120023014310              0.7585300057535777              1.3999999999999999              1.3999999999999999
       0.80859375               0.2656995413605441              0.9282831482641920              0.3034702141619530              0.7586755354048828              1.3999999999999999              1.3999999999999999
       0.81640625               0.2656656201508836              0.9287291842588332              0.3033960844706081              0.7584902111765204              1.3999999999999999              1.3999999999999999
       0.82421875               0.2658021207615358              0.9280960983791443              0.3035940190718003              0.7589850476795008              1.3999999999999999              1.3999999999999999
       0.83203125               0.2653352215736302              0.9276136371874368              0.3028505701375905              0.7571264253439763              1.3999999999999999              1.3999999999999999
       0.83984375               0.2616215670551076              0.9071202266245924              0.2970552080533129              0.7426380201332825              1.3999999999999999              1.3999999999999999
       0.84765625               0.2307514761868603              0.7531528206872999              0.2501341710768251              0.6253354276920629              1.3999999999999999              1.3999999999999999
       0.85546875               0.1538812354498726              0.2599836262343449              0.1388226175086252              0.3470565437715630              1.3999999999999999              1.3999999999999999
       0.86328125               0.1269293850095423              0.0170054786885680              0.1022606606849983              0.2556516517124959              1.3999999999999999              1.3999999999999999
       0.87109375               0.1250713385094871              0.0006062168643181              0.1000802054715040              0.2502005136787601              1.3999999999999999              1.3999999999999999
       0.87890625               0.1250024690895394              0.0000209091798682              0.1000027660366039              0.2500069150915098              1.3999999999999999              1.3999999999999999
       0.88671875               0.1250000848119919              0.0000007180620021              0.1000000949906883              0.2500002374767208              1.3999999999999999              1.3999999999999999
       0.89453125               0.1250000028830658              0.0000000244092166              0.1000000032290358              0.2500000080725897              1.3999999999999999              1.3999999999999999
       0.90234375               0.1250000000981957              0.0000000008313642              0.1000000001099792              0.2500000002749480              1.3999999999999999              1.3999999999999999
       0.91015625               0.1250000000033557              0.0000000000284108              0.1000000000037584              0.2500000000093962              1.3999999999999999              1.3999999999999999
       0.91796875               0.1250000000001142              0.0000000000009673              0.1000000000001280              0.2500000000003200              1.3999999999999999              1.3999999999999999
       0.92578125               0.1250000000000038              0.0000000000000327              0.1000000000000043              0.2500000000000108              1.3999999999999999              1.3999999999999999
       0.93359375               0.1250000000000001              0.0000000000000011              0.1000000000000002              0.2500000000000004              1.3999999999999999              1.3999999999999999
       0.94140625               0.1250000000000000              0.0000000000000000              0.1000000000000000              0.2500000000000001              1.3999999999999999              1.3999999999999999
       0.94921875               0.1250000000000000              0.0000000000000000              0.1000000000000000              0.2500000000000001              1.3999999999999999              1.3999999999999999
       0.95703125               0.1250000000000000              0.0000000000000000              0.1000000000000000              0.2500000000000001              1.3999999999999999              1.3999999999999999
       0.96484375               0.1250000000000000              0.0000000000000000              0.1000000000000000              0.2500000000000001              1.3999999999999999              1.3999999999999999
       0.97265625               0.1250000000000000              0.0000000000000000              0.1000000000000000              0.2500000000000001              1.3999999999999999              1.3999999999999999
       0.98046875               0.1250000000000000              0.0000000000000000              0.1000000000000000              0.2500000000000001              1.3999999999999999              1.3999999999999999
       0.98828125               0.1250000000000000              0.0000000000000000              0.1000000000000000              0.2500000000000001              1.3999999999999999              1.3999999999999999
       0.99609375               0.1250000000000000              0.0000000000000000              0.1000000000000000              0.2500000000000001              1.3999999999999999              1.3999999999999999
