      -4.46484375               3.8571430000000002              2.6293690000000001             10.3333300000000001             25.8333250000000056              1.3999999999999999              1.3999999999999999
      -4.39453125               3.8571430000000002              2.6293690000000001             10.3333300000000001             25.8333250000000056              1.3999999999999999              1.3999999999999999
      -4.32421875               3.8571430000000002              2.6293690000000001             10.3333300000000001             25.8333250000000056              1.3999999999999999              1.3999999999999999
      -4.25390625               3.8571430000000002              2.6293690000000001             10.3333300000000001             25.8333250000000056              1.3999999999999999              1.3999999999999999
      -4.18359375               3.8571430000000002              2.6293690000000001             10.3333300000000001             25.8333250000000056              1.3999999999999999              1.3999999999999999
      -4.11328125               3.8571430000000002              2.6293690000000001             10.3333300000000001             25.8333250000000056              1.3999999999999999              1.3999999999999999
      -4.04296875               3.8571430000000002              2.6293690000000001             10.3333300000000001             25.8333250000000056              1.3999999999999999              1.3999999999999999
      -3.97265625               3.8571430000000015              2.6293689999999992             10.3333300000000072             25.8333250000000234              1.3999999999999999              1.3999999999999999
      -3.90234375               3.8571429999999989              2.6293690000000014             10.3333299999999895             25.8333249999999808              1.3999999999999999              1.3999999999999999
      -3.83203125               3.8571429999999141              2.6293690000000431             10.3333299999996768             25.8333249999991992              1.3999999999999999              1.3999999999999999
      -3.76171875               3.8571429999977278              2.6293690000011409             10.3333299999914789             25.8333249999787036              1.3999999999999999              1.3999999999999999
      -3.69140625               3.8571429999568396              2.6293690000216707             10.3333299998381190             25.8333249995953054              1.3999999999999999              1.3999999999999999
      -3.62109375               3.8571429993688491              2.6293690003168981             10.3333299976327915             25.8333249940819840              1.3999999999999999              1.3999999999999999
      -3.55078125               3.8571429926077747              2.6293690037115960             10.3333299722745995             25.8333249306865049              1.3999999999999999              1.3999999999999999
      -3.48046875               3.8571429288657333              2.6293690357161310             10.3333297332026888             25.8333243330067290              1.3999999999999999              1.3999999999999999
      -3.41015625               3.8571424277385336              2.6293692873294230             10.3333278536671518             25.8333196341678892              1.3999999999999999              1.3999999999999999
      -3.33984375               3.8571391056081921              2.6293709553543310             10.3333153936375375             25.8332884840938490              1.3999999999999999              1.3999999999999999
      -3.26953125               3.8571204058934874              2.6293803444175570             10.3332452583604208             25.8331131459010557              1.3999999999999999              1.3999999999999999
      -3.19921875               3.8570306573566984              2.6294254075406318             10.3329086500113174             25.8322716250282980              1.3999999999999999              1.3999999999999999
      -3.12890625               3.8566622888815525              2.6296103784321718             10.3315271068673145             25.8288177671682888              1.3999999999999999              1.3999999999999999
      -3.05859375               3.8553628639245385              2.6302630077586291             10.3266542797059078             25.8166356992647756              1.3999999999999999              1.3999999999999999
      -2.98828125               3.8513856073511343              2.6322618790940981             10.3117448747655178             25.7793621869138008              1.3999999999999999              1.3999999999999999
      -2.91796875               3.8409141143707530              2.6375332349699159             10.2725248595143714             25.6813121487859348              1.3999999999999999              1.3999999999999999
      -2.84765625               3.8206623192985085              2.6477561599294530             10.1967904752779681             25.4919761881949221              1.3999999999999999              1.3999999999999999
      -2.77734375               3.8053520381114625              2.6555102718440322             10.1396257150296183             25.3490642875740519              1.3999999999999999              1.3999999999999999
      -2.70703125               3.8056942359733976              2.6553365628678915             10.1409039268404513             25.3522598171011353              1.3999999999999999              1.3999999999999999
      -2.63671875               3.8250081653490562              2.6455629973655386             10.2131198847219338             25.5327997118048415              1.3999999999999999              1.3999999999999999
      -2.56640625               3.8974979935232428              2.6092200676613597             10.4855689907885310             26.2139224769713337              1.3999999999999999              1.3999999999999999
      -2.49609375               3.9896848433052141              2.5636522509185924             10.8344069197087265             27.0860172992718233              1.3999999999999999              1.3999999999999999
      -2.42578125               4.0173709540457407              2.5501393300244311             10.9397681359401080             27.3494203398502762              1.3999999999999999              1.3999999999999999
      -2.35546875               4.0154735400616701              2.5510606395236044             10.9325485086181704             27.3313712715454322              1.3999999999999999              1.3999999999999999
      -2.28515625               3.9999953627452745              2.5585994526566216             10.8736492003169491             27.1841230007923791              1.3999999999999999              1.3999999999999999
      -2.21484375               3.9670024532376384              2.5747500306515034             10.7483681026098452             26.8709202565246201              1.3999999999999999              1.3999999999999999
      -2.14453125               3.9236138177930759              2.5961486214731919             10.5841973556570341             26.4604933891425880              1.3999999999999999              1.3999999999999999
      -2.07421875               3.8773577147943543              2.6191672660395047             10.4099449493546459             26.0248623733866182              1.3999999999999999              1.3999999999999999
      -2.00390625               3.8304667649483100              2.6427279570503974             10.2341427494198882             25.5853568735497277              1.3999999999999999              1.3999999999999999
      -1.93359375               3.7811967155396076              2.6677346978631102             10.0503515788745297             25.1258789471863295              1.3999999999999999              1.3999999999999999
      -1.86328125               3.7288352232560271              2.6945824600736232              9.8560604244339416             24.6401510610848611              1.3999999999999999              1.3999999999999999
      -1.79296875               3.6882450909570879              2.7155849357381623              9.7061608405340767             24.2654021013351979              1.3999999999999999              1.3999999999999999
      -1.72265625               3.6794050106801515              2.7201864925835304              9.6736163684394665             24.1840409210986707              1.3999999999999999              1.3999999999999999
      -1.65234375               3.6878430877993682              2.7157918833029879              9.7047285768873817             24.2618214422184622              1.3999999999999999              1.3999999999999999
      -1.58203125               3.7513694395981343              2.6830124038561918              9.9403111348714752             24.8507778371786969              1.3999999999999999              1.3999999999999999
      -1.51171875               3.9100191164907363              2.6027862993820667             10.5349257586849827             26.3373143967124648              1.3999999999999999              1.3999999999999999
      -1.44140625               4.0165942921060127              2.5502195519554536             10.9387147199224763             27.3467867998061962              1.3999999999999999              1.3999999999999999
      -1.37109375               4.0276339630396354              2.5448545897846842             10.9808627148197644             27.4521567870494181              1.3999999999999999              1.3999999999999999
      -1.30078125               4.0195793326115394              2.5487623428619739             10.9501847141165563             27.3754617852913960              1.3999999999999999              1.3999999999999999
      -1.23046875               3.9919920875387582              2.5622012041028803             10.8452507975403769             27.1131269938509476              1.3999999999999999              1.3999999999999999
      -1.16015625               3.9483256565007343              2.5836296460471848             10.6796350046222503             26.6990875115556321              1.3999999999999999              1.3999999999999999
      -1.08984375               3.8979883832534066              2.6085644576624603             10.4895720436915330             26.2239301092288351              1.3999999999999999              1.3999999999999999
      -1.01953125               3.8456891148646304              2.6347456740202997             10.2931192087987622             25.7327980219969135              1.3999999999999999              1.3999999999999999
      -0.94921875               3.7912067492753168              2.6623256886233588             10.0895952066523531             25.2239880166308907              1.3999999999999999              1.3999999999999999
      -0.87890625               3.7340198906380815              2.6916048377478075              9.8772044993216124             24.6930112483040389              1.3999999999999999              1.3999999999999999
      -0.80859375               3.6853140571712704              2.7167997093281886              9.6972910466859403             24.2432276167148579              1.3999999999999999              1.3999999999999999
      -0.73828125               3.6682139727598857              2.7257100034051018              9.6343673805484418             24.0859184513711071              1.3999999999999999              1.3999999999999999
      -0.66796875               3.6708885016487183              2.7243099115390859              9.6442266415756315             24.1105666039390840              1.3999999999999999              1.3999999999999999
      -0.59765625               3.7062917772379325              2.7059106635454913              9.7750268508864409             24.4375671272161057              1.3999999999999999              1.3999999999999999
      -0.52734375               3.8396812441320436              2.6377689504890167             10.2726456837682356             25.6816142094205944              1.3999999999999999              1.3999999999999999
      -0.45703125               3.9990402979288970              2.5584463241237461             10.8743020802696719             27.1857552006741869              1.3999999999999999              1.3999999999999999
      -0.38671875               4.0403199342185463              2.5383416467027975             11.0316797502704720             27.5791993756761862              1.3999999999999999              1.3999999999999999
      -0.31640625               4.0377571649500172              2.5395778727364426             11.0219238725369468             27.5548096813423697              1.3999999999999999              1.3999999999999999
      -0.24609375               4.0181610894501967              2.5490833261858175             10.9472218747008192             27.3680546867520533              1.3999999999999999              1.3999999999999999
      -0.17578125               3.9775641832797612              2.5688918503147393             10.7929080962848136             26.9822702407120403              1.3999999999999999              1.3999999999999999
      -0.10546875               3.9241938129340070              2.5951703841634028             10.5909541553634021             26.4773853884085106              1.3999999999999999              1.3999999999999999
      -0.03515625               3.8655144705336193              2.6243757329779043             10.3702414370799438             25.9256035926998649              1.3999999999999999              1.3999999999999999
       0.03515625               3.8030982739860484              2.6558088207108863             10.1370938356639542             25.3427345891598890              1.3999999999999999              1.3999999999999999
       0.10546875               3.7371098188962875              2.6894455917739131              9.8924763581377135             24.7311908953442909              1.3999999999999999              1.3999999999999999
       0.17578125               3.6794616094403159              2.7190733370665550              9.6809578468275586             24.2023946170689044              1.3999999999999999              1.3999999999999999
       0.24609375               3.6554082680150737              2.7310667088510696              9.5965095722158651             23.9912739305396698              1.3999999999999999              1.3999999999999999
       0.31640625               3.6542006815986134              2.7307320436102533              9.5989033518533837             23.9972583796334646              1.3999999999999999              1.3999999999999999
       0.38671875               3.6750160610402065              2.7192096284993257              9.6802217093071139             24.2005542732677910              1.3999999999999999              1.3999999999999999
       0.45703125               3.7688380691953980              2.6706191526836154             10.0302064191253582             25.0755160478134016              1.3999999999999999              1.3999999999999999
       0.52734375               3.9424011233499439              2.5839938351742906             10.6771565671760911             26.6928914179402312              1.3999999999999999              1.3999999999999999
       0.59765625               4.0461947087256824              2.5368705350983864             11.0429545733049252             27.6073864332623202              1.3999999999999999              1.3999999999999999
       0.66796875               4.0663250409422229              2.5327690052375087             11.0761728748666943             27.6904321871667420              1.3999999999999999              1.3999999999999999
       0.73828125               4.0658603741450516              2.5370437013852660             11.0433081396501187             27.6082703491253056              1.3999999999999999              1.3999999999999999
       0.80859375               4.0372697747390882              2.5524084052082596             10.9233857489371537             27.3084643723428897              1.3999999999999999              1.3999999999999999
       0.87890625               3.9830747133189637              2.5790670024079434             10.7169774207049979             26.7924435517625028              1.3999999999999999              1.3999999999999999
       0.94921875               3.9165666191249260              2.6116791026916997             10.4681789449998632             26.1704473624996652              1.3999999999999999              1.3999999999999999
       1.01953125               3.8449880721234471              2.6464127202426897             10.2082438466910528             25.5206096167276364              1.3999999999999999              1.3999999999999999
       1.08984375               3.7652064148132398              2.6840411300871270              9.9325854861757161             24.8314637154392912              1.3999999999999999              1.3999999999999999
       1.16015625               3.6885142489645792              2.7205912557013394              9.6705047481239852             24.1762618703099683              1.3999999999999999              1.3999999999999999
       1.23046875               3.6535529795188983              2.7379845151162816              9.5476483102394969             23.8691207755987485              1.3999999999999999              1.3999999999999999
       1.30078125               3.6537762307312356              2.7381293529095121              9.5459594398695984             23.8648985996739995              1.3999999999999999              1.3999999999999999
       1.37109375               3.6777865935731353              2.7261584802144858              9.6295495686932906             24.0738739217332309              1.3999999999999999              1.3999999999999999
       1.44140625               3.7572932808201003              2.6846524108838072              9.9262358856541368             24.8155897141353492              1.3999999999999999              1.3999999999999999
       1.51171875               3.8865447625298222              2.6154084218795508             10.4372825052440827             26.0932062631102148              1.3999999999999999              1.3999999999999999
       1.58203125               4.0050755000779112              2.5540086602328236             10.9061681973760329             27.2654204934400859              1.3999999999999999              1.3999999999999999
       1.65234375               4.0621211620651962              2.5294887142441258             11.0979155202611608             27.7447888006529091              1.3999999999999999              1.3999999999999999
       1.72265625               4.0871121478286305              2.5280375221477547             11.1091371731236066             27.7728429328090236              1.3999999999999999              1.3999999999999999
       1.79296875               4.0760905071613873              2.5355368917312244             11.0501425711884931             27.6253564279712407              1.3999999999999999              1.3999999999999999
       1.86328125               3.9988620985107910              2.5585029681136584             10.8718004286195224             27.1795010715488097              1.3999999999999999              1.3999999999999999
       1.93359375               3.8892753297305194              2.5918855638952865             10.6192573108253878             26.5481432770634740              1.3999999999999999              1.3999999999999999
       2.00390625               3.8078581482058418              2.6378194842506195             10.2808313691471636             25.7020784228679133              1.3999999999999999              1.3999999999999999
       2.07421875               3.8184011671356983              2.6821767238408776              9.9603039719660842             24.9007599299152140              1.3999999999999999              1.3999999999999999
       2.14453125               3.8335363977623973              2.7160866767621101              9.7127083386947568             24.2817708467368973              1.3999999999999999              1.3999999999999999
       2.21484375               3.7379721604893308              2.7485088531607089              9.4801411911853197             23.7003529779633020              1.3999999999999999              1.3999999999999999
       2.28515625               3.5593628723961839              2.8134358631442269              9.8101042368337410             24.5252605920843614              1.3999999999999999              1.3999999999999999
       2.35546875               2.9576080568490637              2.4821549486851278              8.5519802176181301             21.3799505440453288              1.3999999999999999              1.3999999999999999
       2.42578125               1.0857681999784257              0.4267509767399263              1.6397635998768134              4.0994089996920344              1.3999999999999999              1.3999999999999999
       2.49609375               0.9829096968986910              0.0000840378217709              1.0000985581641850              2.5002463954104628              1.3999999999999999              1.3999999999999999
       2.56640625               1.0525093574597495              0.0000000004142801              1.0000000005069416              2.5000000012673547              1.3999999999999999              1.3999999999999999
       2.63671875               1.1157545786380572              0.0000000000000069              1.0000000000000089              2.5000000000000222              1.3999999999999999              1.3999999999999999
       2.70703125               1.1648397251365579              0.0000000000000001              1.0000000000000000              2.5000000000000004              1.3999999999999999              1.3999999999999999
       2.77734375               1.1937602880266094              0.0000000000000000              0.9999999999999998              2.5000000000000004              1.3999999999999999              1.3999999999999999
       2.84765625               1.1989784604602689             -0.0000000000000001              1.0000000000000000              2.5000000000000004              1.3999999999999999              1.3999999999999999
       2.91796875               1.1798559116332676             -0.0000000000000000              0.9999999999999999              2.5000000000000000              1.3999999999999999              1.3999999999999999
       2.98828125               1.1387318727855835             -0.0000000000000001              0.9999999999999999              2.5000000000000004              1.3999999999999999              1.3999999999999999
       3.05859375               1.0806369827330395             -0.0000000000000000              1.0000000000000000              2.5000000000000004              1.3999999999999999              1.3999999999999999
       3.12890625               1.0126778977547457              0.0000000000000000              0.9999999999999999              2.5000000000000004              1.3999999999999999              1.3999999999999999
       3.19921875               0.9431679455383319              0.0000000000000000              1.0000000000000000              2.5000000000000004              1.3999999999999999              1.3999999999999999
       3.26953125               0.8806101689148053              0.0000000000000000              0.9999999999999999              2.5000000000000004              1.3999999999999999              1.3999999999999999
       3.33984375               0.8326571620391197              0.0000000000000000              1.0000000000000000              2.5000000000000004              1.3999999999999999              1.3999999999999999
       3.41015625               0.8051749406160487              0.0000000000000000              1.0000000000000000              2.5000000000000004              1.3999999999999999              1.3999999999999999
       3.48046875               0.8015253614502704              0.0000000000000000              1.0000000000000000              2.5000000000000004              1.3999999999999999              1.3999999999999999
       3.55078125               0.8221548718054106              0.0000000000000001              1.0000000000000000              2.5000000000000004              1.3999999999999999              1.3999999999999999
       3.62109375               0.8645398962143717              0.0000000000000000              1.0000000000000000              2.5000000000000004              1.3999999999999999              1.3999999999999999
       3.69140625               0.9234955414863104             -0.0000000000000001              0.9999999999999999              2.5000000000000004              1.3999999999999999              1.3999999999999999
       3.76171875               0.9918098565136189             -0.0000000000000000              1.0000000000000000              2.5000000000000004              1.3999999999999999              1.3999999999999999
       3.83203125               1.0611260588770022              0.0000000000000000              1.0000000000000000              2.5000000000000004              1.3999999999999999              1.3999999999999999
       3.90234375               1.1229648068594127              0.0000000000000000              1.0000000000000000              2.5000000000000009              1.3999999999999999              1.3999999999999999
       3.97265625               1.1697614639455898              0.0000000000000000              1.0000000000000000              2.5000000000000004              1.3999999999999999              1.3999999999999999
       4.04296875               1.1957914688768398              0.0000000000000000              1.0000000000000000              2.5000000000000004              1.3999999999999999              1.3999999999999999
       4.11328125               1.1978706122016491              0.0000000000000000              1.0000000000000000              2.5000000000000004              1.3999999999999999              1.3999999999999999
       4.18359375               1.1757445555960953              0.0000000000000000              1.0000000000000000              2.5000000000000004              1.3999999999999999              1.3999999999999999
       4.25390625               1.1321199446698971              0.0000000000000000              1.0000000000000000              2.5000000000000004              1.3999999999999999              1.3999999999999999
       4.32421875               1.0723333092776084              0.0000000000000000              1.0000000000000000              2.5000000000000004              1.3999999999999999              1.3999999999999999
       4.39453125               1.0036982542377115              0.0000000000000000              1.0000000000000000              2.5000000000000004              1.3999999999999999              1.3999999999999999
       4.46484375               0.9346107975894047              0.0000000000000000              1.0000000000000000              2.5000000000000004              1.3999999999999999              1.3999999999999999
