      -4.46484375               3.8571429252624512              2.6293690204620361             10.3333301544189453             25.8333282470703125              1.3999999761581421              1.3999999761581421 0
      -4.39453125               3.8571429252624512              2.6293690204620361             10.3333301544189453             25.8333282470703125              1.3999999761581421              1.3999999761581421 0
      -4.32421875               3.8571429252624512              2.6293690204620361             10.3333301544189453             25.8333282470703125              1.3999999761581421              1.3999999761581421 0
      -4.25390625               3.8571429252624512              2.6293690204620361             10.3333301544189453             25.8333282470703125              1.3999999761581421              1.3999999761581421 0
      -4.18359375               3.8571429252624512              2.6293690204620361             10.3333301544189453             25.8333282470703125              1.3999999761581421              1.3999999761581421 0
      -4.11328125               3.8571429252624512              2.6293690204620361             10.3333301544189453             25.8333282470703125              1.3999999761581421              1.3999999761581421 0
      -4.04296875               3.8571429252624512              2.6293690204620361             10.3333301544189453             25.8333282470703125              1.3999999761581421              1.3999999761581421 0
      -3.97265625               3.8571429252624512              2.6293690204620361             10.3333301544189453             25.8333282470703125              1.3999999761581421              1.3999999761581421 0
      -3.90234375               3.8571426868438721              2.6293692588806152             10.3333282470703125             25.8333225250244141              1.3999999761581421              1.3999999761581421 0
      -3.83203125               3.8571414947509766              2.6293697357177734             10.3333234786987305             25.8333110809326172              1.3999999761581421              1.3999999761581421 0
      -3.76171875               3.8571410179138184              2.6293699741363525             10.3333244323730469             25.8333129882812500              1.3999999761581421              1.3999999761581421 0
      -3.69140625               3.8571407794952393              2.6293702125549316             10.3333215713500977             25.8333053588867188              1.3999999761581421              1.3999999761581421 0
      -3.62109375               3.8571400642395020              2.6293702125549316             10.3333206176757812             25.8333034515380859              1.3999999761581421              1.3999999761581421 0
      -3.55078125               3.8571388721466064              2.6293711662292480             10.3333139419555664             25.8332862854003906              1.3999999761581421              1.3999999761581421 0
      -3.48046875               3.8571376800537109              2.6293716430664062             10.3333110809326172             25.8332786560058594              1.3999999761581421              1.3999999761581421 0
      -3.41015625               3.8571357727050781              2.6293730735778809             10.3333015441894531             25.8332557678222656              1.3999999761581421              1.3999999761581421 0
      -3.33984375               3.8571281433105469              2.6293766498565674             10.3332729339599609             25.8331832885742188              1.3999999761581421              1.3999999761581421 0
      -3.26953125               3.8570814132690430              2.6293995380401611             10.3331012725830078             25.8327541351318359              1.3999999761581421              1.3999999761581421 0
      -3.19921875               3.8568801879882812              2.6295013427734375             10.3323440551757812             25.8308620452880859              1.3999999761581421              1.3999999761581421 0
      -3.12890625               3.8561644554138184              2.6298601627349854             10.3296623229980469             25.8241577148437500              1.3999999761581421              1.3999999761581421 0
      -3.05859375               3.8540077209472656              2.6309432983398438             10.3215799331665039             25.8039512634277344              1.3999999761581421              1.3999999761581421 0
      -2.98828125               3.8484730720520020              2.6337265968322754             10.3008375167846680             25.7520942687988281              1.3999999761581421              1.3999999761581421 0
      -2.91796875               3.8361585140228271              2.6399319171905518             10.2547359466552734             25.6368427276611328              1.3999999761581421              1.3999999761581421 0
      -2.84765625               3.8122260570526123              2.6520369052886963             10.1653251647949219             25.4133148193359375              1.3999999761581421              1.3999999761581421 0
      -2.77734375               3.7767181396484375              2.6700918674468994             10.0330314636230469             25.0825805664062500              1.3999999761581421              1.3999999761581421 0
      -2.70703125               3.7553737163543701              2.6810052394866943              9.9537181854248047             24.8842964172363281              1.3999999761581421              1.3999999761581421 0
      -2.63671875               3.7564556598663330              2.6804504394531250              9.9577379226684570             24.8943462371826172              1.3999999761581421              1.3999999761581421 0
      -2.56640625               3.7790524959564209              2.6689040660858154             10.0418338775634766             25.1045875549316406              1.3999999761581421              1.3999999761581421 0
      -2.49609375               3.8531875610351562              2.6313755512237549             10.3192195892333984             25.7980499267578125              1.3999999761581421              1.3999999761581421 0
      -2.42578125               3.9399011135101318              2.5880873203277588             10.6457147598266602             26.6142883300781250              1.3999999761581421              1.3999999761581421 0
      -2.35546875               3.9631536006927490              2.5766172409057617             10.7337436676025391             26.8343620300292969              1.3999999761581421              1.3999999761581421 0
      -2.28515625               3.9604146480560303              2.5779623985290527             10.7233762741088867             26.8084411621093750              1.3999999761581421              1.3999999761581421 0
      -2.21484375               3.9446294307708740              2.5857355594635010             10.6636514663696289             26.6591320037841797              1.3999999761581421              1.3999999761581421 0
      -2.14453125               3.9125823974609375              2.6015963554382324             10.5426645278930664             26.3566627502441406              1.3999999761581421              1.3999999761581421 0
      -2.07421875               3.8701362609863281              2.6227633953094482             10.3829574584960938             25.9573936462402344              1.3999999761581421              1.3999999761581421 0
      -2.00390625               3.8229048252105713              2.6465337276458740             10.2060432434082031             25.5151100158691406              1.3999999761581421              1.3999999761581421 0
      -1.93359375               3.7721633911132812              2.6723289489746094             10.0169305801391602             25.0423278808593750              1.3999999761581421              1.3999999761581421 0
      -1.86328125               3.7219731807708740              2.6980919837951660              9.8308238983154297             24.5770606994628906              1.3999999761581421              1.3999999761581421 0
      -1.79296875               3.6937823295593262              2.7126786708831787              9.7267208099365234             24.3168029785156250              1.3999999761581421              1.3999999761581421 0
      -1.72265625               3.6923444271087646              2.7134242057800293              9.7214365005493164             24.3035926818847656              1.3999999761581421              1.3999999761581421 0
      -1.65234375               3.7052764892578125              2.7067141532897949              9.7692146301269531             24.4230384826660156              1.3999999761581421              1.3999999761581421 0
      -1.58203125               3.7705140113830566              2.6731798648834229             10.0116481781005859             25.0291213989257812              1.3999999761581421              1.3999999761581421 0
      -1.51171875               3.9065730571746826              2.6044902801513672             10.5217409133911133             26.3043537139892578              1.3999999761581421              1.3999999761581421 0
      -1.44140625               3.9951524734497070              2.5606970787048340             10.8569078445434570             27.1422729492187500              1.3999999761581421              1.3999999761581421 0
      -1.37109375               4.0040678977966309              2.5563411712646484             10.8908700942993164             27.2271747589111328              1.3999999761581421              1.3999999761581421 0
      -1.30078125               3.9975051879882812              2.5595378875732422             10.8659324645996094             27.1648330688476562              1.3999999761581421              1.3999999761581421 0
      -1.23046875               3.9748039245605469              2.5706386566162109             10.7797718048095703             26.9494304656982422              1.3999999761581421              1.3999999761581421 0
      -1.16015625               3.9369180202484131              2.5892820358276367             10.6363363265991211             26.5908432006835938              1.3999999761581421              1.3999999761581421 0
      -1.08984375               3.8908028602600098              2.6121697425842285             10.4624137878417969             26.1560363769531250              1.3999999761581421              1.3999999761581421 0
      -1.01953125               3.8407752513885498              2.6372449398040771             10.2746410369873047             25.6866054534912109              1.3999999761581421              1.3999999761581421 0
      -0.94921875               3.7871208190917969              2.6644279956817627             10.0743284225463867             25.1858215332031250              1.3999999761581421              1.3999999761581421 0
      -0.87890625               3.7322731018066406              2.6925106048583984              9.8706789016723633             24.6766986846923828              1.3999999761581421              1.3999999761581421 0
      -0.80859375               3.6953344345092773              2.7115948200225830              9.7341718673706055             24.3354320526123047              1.3999999761581421              1.3999999761581421 0
      -0.73828125               3.6897985935211182              2.7144670486450195              9.7137947082519531             24.2844886779785156              1.3999999761581421              1.3999999761581421 0
      -0.66796875               3.6967976093292236              2.7108240127563477              9.7396640777587891             24.3491611480712891              1.3999999761581421              1.3999999761581421 0
      -0.59765625               3.7407248020172119              2.6881442070007324              9.9025812149047852             24.7564544677734375              1.3999999761581421              1.3999999761581421 0
      -0.52734375               3.8626556396484375              2.6261920928955078             10.3586082458496094             25.8965225219726562              1.3999999761581421              1.3999999761581421 0
      -0.45703125               3.9876184463500977              2.5640652179718018             10.8305711746215820             27.0764293670654297              1.3999999761581421              1.3999999761581421 0
      -0.38671875               4.0169644355773926              2.5497119426727295             10.9423866271972656             27.3559684753417969              1.3999999761581421              1.3999999761581421 0
      -0.31640625               4.0141191482543945              2.5510771274566650             10.9316844940185547             27.3292121887207031              1.3999999761581421              1.3999999761581421 0
      -0.24609375               3.9972467422485352              2.5592694282531738             10.8677148818969727             27.1692886352539062              1.3999999761581421              1.3999999761581421 0
      -0.17578125               3.9619638919830322              2.5765073299407959             10.7341623306274414             26.8354072570800781              1.3999999761581421              1.3999999761581421 0
      -0.10546875               3.9137310981750488              2.6002554893493652             10.5523967742919922             26.3809928894042969              1.3999999761581421              1.3999999761581421 0
      -0.03515625               3.8591830730438232              2.6273589134216309             10.3481245040893555             25.8703117370605469              1.3999999761581421              1.3999999761581421 0
       0.03515625               3.8001809120178223              2.6569335460662842             10.1291027069091797             25.3227577209472656              1.3999999761581421              1.3999999761581421 0
       0.10546875               3.7376418113708496              2.6884536743164062              9.8998727798461914             24.7496833801269531              1.3999999761581421              1.3999999761581421 0
       0.17578125               3.6880302429199219              2.7131969928741455              9.7228755950927734             24.3071899414062500              1.3999999761581421              1.3999999761581421 0
       0.24609375               3.6729795932769775              2.7192311286926270              9.6802806854248047             24.2007026672363281              1.3999999761581421              1.3999999761581421 0
       0.31640625               3.6706299781799316              2.7170193195343018              9.6959953308105469             24.2399902343750000              1.3999999761581421              1.3999999761581421 0
       0.38671875               3.6886057853698730              2.7016897201538086              9.8051557540893555             24.5128898620605469              1.3999999761581421              1.3999999761581421 0
       0.45703125               3.7609007358551025              2.6546778678894043             10.1454296112060547             25.3635749816894531              1.3999999761581421              1.3999999761581421 0
       0.52734375               3.8741014003753662              2.5836925506591797             10.6732797622680664             26.6832008361816406              1.3999999761581421              1.3999999761581421 0
       0.59765625               3.9232757091522217              2.5467953681945801             10.9549493789672852             27.3873748779296875              1.3999999761581421              1.3999999761581421 0
       0.66796875               3.9173817634582520              2.5439338684082031             10.9757738113403320             27.4394359588623047              1.3999999761581421              1.3999999761581421 0
       0.73828125               3.9088227748870850              2.5475451946258545             10.9474925994873047             27.3687343597412109              1.3999999761581421              1.3999999761581421 0
       0.80859375               3.8850100040435791              2.5602941513061523             10.8493804931640625             27.1234512329101562              1.3999999761581421              1.3999999761581421 0
       0.87890625               3.8462808132171631              2.5830481052398682             10.6763143539428711             26.6907882690429688              1.3999999761581421              1.3999999761581421 0
       0.94921875               3.8010008335113525              2.6123211383819580             10.4568948745727539             26.1422386169433594              1.3999999761581421              1.3999999761581421 0
       1.01953125               3.7545962333679199              2.6445367336273193             10.2192745208740234             25.5481872558593750              1.3999999761581421              1.3999999761581421 0
       1.08984375               3.7058932781219482              2.6792850494384766              9.9671440124511719             24.9178600311279297              1.3999999761581421              1.3999999761581421 0
       1.16015625               3.6619322299957275              2.7119805812835693              9.7337131500244141             24.3342857360839844              1.3999999761581421              1.3999999761581421 0
       1.23046875               3.6522970199584961              2.7250037193298340              9.6414852142333984             24.1037158966064453              1.3999999761581421              1.3999999761581421 0
       1.30078125               3.6622517108917236              2.7238481044769287              9.6488294601440430             24.1220741271972656              1.3999999761581421              1.3999999761581421 0
       1.37109375               3.6885073184967041              2.7112720012664795              9.7373838424682617             24.3434600830078125              1.3999999761581421              1.3999999761581421 0
       1.44140625               3.7604472637176514              2.6743323802947998             10.0027894973754883             25.0069770812988281              1.3999999761581421              1.3999999761581421 0
       1.51171875               3.8723089694976807              2.6184737682342529             10.4151439666748047             26.0378608703613281              1.3999999761581421              1.3999999761581421 0
       1.58203125               3.9803709983825684              2.5686876773834229             10.7940025329589844             26.9850063323974609              1.3999999761581421              1.3999999761581421 0
       1.65234375               4.0459709167480469              2.5420541763305664             11.0019598007202148             27.5049018859863281              1.3999999761581421              1.3999999761581421 0
       1.72265625               4.0507054328918457              2.5401475429534912             11.0173978805541992             27.5434951782226562              1.3999999761581421              1.3999999761581421 0
       1.79296875               4.0278015136718750              2.5460567474365234             10.9715738296508789             27.4289360046386719              1.3999999761581421              1.3999999761581421 0
       1.86328125               3.9689292907714844              2.5647981166839600             10.8267955780029297             27.0669898986816406              1.3999999761581421              1.3999999761581421 0
       1.93359375               3.9049293994903564              2.5960302352905273             10.5891447067260742             26.4728641510009766              1.3999999761581421              1.3999999761581421 0
       2.00390625               3.8550331592559814              2.6339001655578613             10.3037738800048828             25.7594356536865234              1.3999999761581421              1.3999999761581421 0
       2.07421875               3.8411757946014404              2.6718208789825439              9.9960098266601562             24.9900264739990234              1.3999999761581421              1.3999999761581421 0
       2.14453125               3.7459723949432373              2.6879315376281738              9.5997629165649414             23.9994087219238281              1.3999999761581421              1.3999999761581421 0
       2.21484375               3.5352804660797119              2.6442399024963379              9.0003318786621094             22.5008316040039062              1.3999999761581421              1.3999999761581421 1
       2.28515625               3.2732594013214111              2.5627152919769287              8.4247150421142578             21.0617904663085938              1.3999999761581421              1.3999999761581421 1
       2.35546875               2.8920423984527588              2.3641519546508789              7.4866261482238770             18.7165679931640625              1.3999999761581421              1.3999999761581421 1
       2.42578125               2.3918793201446533              1.9514421224594116              5.8361678123474121             14.5904207229614258              1.3999999761581421              1.3999999761581421 1
       2.49609375               1.8053947687149048              1.2244818210601807              3.4563903808593750              8.6409769058227539              1.3999999761581421              1.3999999761581421 1
       2.56640625               1.3323457241058350              0.4074527323246002              1.6155501604080200              4.0388755798339844              1.3999999761581421              1.3999999761581421 1
       2.63671875               1.1626195907592773              0.0540066845715046              1.0699378252029419              2.6748447418212891              1.3999999761581421              1.3999999761581421 1
       2.70703125               1.1692167520523071              0.0043038348667324              1.0055502653121948              2.5138757228851318              1.3999999761581421              1.3999999761581421 1
       2.77734375               1.1938927173614502              0.0001224414008902              1.0001589059829712              2.5003974437713623              1.3999999761581421              1.3999999761581421 0
       2.84765625               1.1989785432815552              0.0000001201475470              1.0000001192092896              2.5000004768371582              1.3999999761581421              1.3999999761581421 0
       2.91796875               1.1798559427261353              0.0000000000000000              1.0000000000000000              2.5000002384185791              1.3999999761581421              1.3999999761581421 0
       2.98828125               1.1387318372726440              0.0000000000000000              1.0000000000000000              2.5000000000000000              1.3999999761581421              1.3999999761581421 0
       3.05859375               1.0806369781494141              0.0000000000000000              1.0000000000000000              2.5000002384185791              1.3999999761581421              1.3999999761581421 0
       3.12890625               1.0126779079437256              0.0000000000000000              1.0000001192092896              2.5000004768371582              1.3999999761581421              1.3999999761581421 0
       3.19921875               0.9431679248809814              0.0000000000000000              1.0000000000000000              2.5000002384185791              1.3999999761581421              1.3999999761581421 0
       3.26953125               0.8806101679801941              0.0000000000000000              1.0000000000000000              2.5000002384185791              1.3999999761581421              1.3999999761581421 0
       3.33984375               0.8326571583747864              0.0000000000000000              1.0000000000000000              2.5000002384185791              1.3999999761581421              1.3999999761581421 0
       3.41015625               0.8051749467849731              0.0000000000000000              1.0000001192092896              2.5000004768371582              1.3999999761581421              1.3999999761581421 0
       3.48046875               0.8015253543853760              0.0000000000000000              1.0000000000000000              2.5000002384185791              1.3999999761581421              1.3999999761581421 0
       3.55078125               0.8221548795700073              0.0000000000000000              1.0000000000000000              2.5000002384185791              1.3999999761581421              1.3999999761581421 0
       3.62109375               0.8645399212837219              0.0000000000000000              1.0000000000000000              2.5000002384185791              1.3999999761581421              1.3999999761581421 0
       3.69140625               0.9234955310821533              0.0000000000000000              1.0000000000000000              2.5000002384185791              1.3999999761581421              1.3999999761581421 0
       3.76171875               0.9918098449707031              0.0000000000000000              1.0000000000000000              2.5000002384185791              1.3999999761581421              1.3999999761581421 0
       3.83203125               1.0611261129379272              0.0000000000000000              1.0000000000000000              2.5000002384185791              1.3999999761581421              1.3999999761581421 0
       3.90234375               1.1229648590087891              0.0000000000000000              1.0000000000000000              2.5000002384185791              1.3999999761581421              1.3999999761581421 0
       3.97265625               1.1697614192962646              0.0000000000000000              1.0000000000000000              2.5000002384185791              1.3999999761581421              1.3999999761581421 0
       4.04296875               1.1957914829254150              0.0000000000000000              1.0000000000000000              2.5000004768371582              1.3999999761581421              1.3999999761581421 0
       4.11328125               1.1978706121444702              0.0000000000000000              1.0000000000000000              2.5000000000000000              1.3999999761581421              1.3999999761581421 0
       4.18359375               1.1757445335388184              0.0000000000000000              1.0000000000000000              2.5000002384185791              1.3999999761581421              1.3999999761581421 0
       4.25390625               1.1321198940277100              0.0000000000000000              1.0000000000000000              2.5000002384185791              1.3999999761581421              1.3999999761581421 0
       4.32421875               1.0723333358764648              0.0000000000000000              1.0000000000000000              2.5000002384185791              1.3999999761581421              1.3999999761581421 0
       4.39453125               1.0036982297897339              0.0000000000000000              1.0000000000000000              2.5000002384185791              1.3999999761581421              1.3999999761581421 0
       4.46484375               0.9346107840538025              0.0000000000000000              1.0000000000000000              2.5000002384185791              1.3999999761581421              1.3999999761581421 0
