       0.00097656               0.4013700492658811              0.2401064444662626            279.2071195788503246            698.0177989471259252              1.3999999999999999              1.3999999999999999 0
       0.00292969               0.4013927382117002              0.7201597176365407            279.2290650625909052            698.0726626564774051              1.3999999999999999              1.3999999999999999 0
       0.00488281               0.4014387202021373              1.1997304255020287            279.2735447400244198            698.1838618500612483              1.3999999999999999              1.3999999999999999 0
       0.00683594               0.4015092213643149              1.6784843520733133            279.3417536664756540            698.3543841661892202              1.3999999999999999              1.3999999999999999 0
       0.00878906               0.4016061261530923              2.1560681300439901            279.4355289681113277            698.5888224202784613              1.3999999999999999              1.3999999999999999 0
       0.01074219               0.4017320328552744              2.6321007987897764            279.5574045252278097            698.8935113130697800              1.3999999999999999              1.3999999999999999 0
       0.01269531               0.4018903294223656              3.1061645941830314            279.7106857978033077            699.2767144945084965              1.3999999999999999              1.3999999999999999 0
       0.01464844               0.4020852908488535              3.5777947819101037            279.8995461142193903            699.7488652855487317              1.3999999999999999              1.3999999999999999 0
       0.01660156               0.4023221990711796              4.0464683929546430            280.1291455687116922            700.3228639217793443              1.3999999999999999              1.3999999999999999 0
       0.01855469               0.4026074855725595              4.5115918081187649            280.4057729828522270            701.0144324571306242              1.3999999999999999              1.3999999999999999 0
       0.02050781               0.4029488952261045              4.9724872926333878            280.7370098786315111            701.8425246965789484              1.3999999999999999              1.3999999999999999 0
       0.02246094               0.4033556669506030              5.4283788362145993            281.1319126553846672            702.8297816384617818              1.3999999999999999              1.3999999999999999 0
       0.02441406               0.4038387219065259              5.8783780523117599            281.6012045860661601            704.0030114651655140              1.3999999999999999              1.3999999999999999 0
       0.02636719               0.4044108425291864              6.3214714833358805            282.1574621535431788            705.3936553838581176              1.3999999999999999              1.3999999999999999 0
       0.02832031               0.4050868149951456              6.7565114927808505            282.8152699211683512            707.0381748029210485              1.3999999999999999              1.3999999999999999 0
       0.03027344               0.4058834933613902              7.1822140180978620            283.5913041123791345            708.9782602809480068              1.3999999999999999              1.3999999999999999 0
       0.03222656               0.4068197260885328              7.5971677529976205            284.5042876888605292            711.2607192221514651              1.3999999999999999              1.3999999999999999 0
       0.03417969               0.4079160672482604              7.9998606197273938            285.5747409861920119            713.9368524654801149              1.3999999999999999              1.3999999999999999 0
       0.03613281               0.4091941807806305              8.3887302338017484            286.8244368617771443            717.0610921544430312              1.3999999999999999              1.3999999999999999 0
       0.03808594               0.4106758463456195              8.7622446862032692            288.2754670310414440            720.6886675776037237              1.3999999999999999              1.3999999999999999 0
       0.04003906               0.4123815036235367              9.1190173005125956            289.9488505538058121            724.8721263845146723              1.3999999999999999              1.3999999999999999 0
       0.04199219               0.4143283438832598              9.4579529621516798            291.8626820866080607            729.6567052165202085              1.3999999999999999              1.3999999999999999 0
       0.04394531               0.4165280822748904              9.7784136973218150            294.0299369055265970            735.0748422638166630              1.3999999999999999              1.3999999999999999 0
       0.04589844               0.4189847106300681             10.0803786146959116            296.4562135347583762            741.1405338368959974              1.3999999999999999              1.3999999999999999 0
       0.04785156               0.4216926936440502             10.3645619615272953            299.1378616321908339            747.8446540804773122              1.3999999999999999              1.3999999999999999 0
       0.04980469               0.4246361508622784             10.6324491835228780            302.0610346209566615            755.1525865523918810              1.3999999999999999              1.3999999999999999 0
       0.05175781               0.4277894741531017             10.8862208177228439            305.2021331213884423            763.0053328034712194              1.3999999999999999              1.3999999999999999 0
       0.05371094               0.4311195255990727             11.1285595767783505            308.5298197991795064            771.3245494979489649              1.3999999999999999              1.3999999999999999 0
       0.05566406               0.4345891110913540             11.3623704591161339            312.0083456597871532            780.0208641494680251              1.3999999999999999              1.3999999999999999 0
       0.05761719               0.4381610069342528             11.5904729405001063            315.6015014469259086            789.0037536173149419              1.3999999999999999              1.3999999999999999 0
       0.05957031               0.4418016319997212             11.8153337977911033            319.2762991824617416            798.1907479561544960              1.3999999999999999              1.3999999999999999 0
       0.06152344               0.4454836048856388             12.0388935932081385            323.0056078310270209            807.5140195775677512              1.3999999999999999              1.3999999999999999 0
       0.06347656               0.4491868288253832             12.2625071341537062            326.7693517814654456            816.9233794536637561              1.3999999999999999              1.3999999999999999 0
       0.06542969               0.4528982079065366             12.4869840617622216            330.5543393315497269            826.3858483288744310              1.3999999999999999              1.3999999999999999 0
       0.06738281               0.4566104227631974             12.7126938133078671            334.3531240973524064            835.8828102433811864              1.3999999999999999              1.3999999999999999 0
       0.06933594               0.4603202963379412             12.9396943987637751            338.1624207316905881            845.4060518292267261              1.3999999999999999              1.3999999999999999 0
       0.07128906               0.4640271948248123             13.1678528998743758            341.9815239038766777            854.9538097596919215              1.3999999999999999              1.3999999999999999 0
       0.07324219               0.4677317322805397             13.3969396658183051            345.8110094021216696            864.5275235053043161              1.3999999999999999              1.3999999999999999 0
       0.07519531               0.4714348716358394             13.6266912010385912            349.6518210708604784            874.1295526771514233              1.3999999999999999              1.3999999999999999 0
       0.07714844               0.4751373916189059             13.8568453475735680            353.5047212933365017            883.7618032333415385              1.3999999999999999              1.3999999999999999 0
       0.07910156               0.4788396290455988             14.0871561831106735            357.3700189964502556            893.4250474911258380              1.3999999999999999              1.3999999999999999 0
       0.08105469               0.4825413951623784             14.3173963536452629            361.2474753532885643            903.1186883832216381              1.3999999999999999              1.3999999999999999 0
       0.08300781               0.4862419819155620             14.5473529898804657            365.1363026966619714            912.8407567416552411              1.3999999999999999              1.3999999999999999 0
       0.08496094               0.4899402007549087             14.7768212550525231            369.0351981157638193            922.5879952894097187              1.3999999999999999              1.3999999999999999 0
       0.08691406               0.4936344212505314             15.0055977323916316            372.9423777963049247            932.3559444907625675              1.3999999999999999              1.3999999999999999 0
       0.08886719               0.4973225944659372             15.2334745866423713            376.8555960565204828            942.1389901413014059              1.3999999999999999              1.3999999999999999 0
       0.09082031               0.5010022564302208             15.4602347055679097            380.7721437208200541            951.9303593020504195              1.3999999999999999              1.3999999999999999 0
       0.09277344               0.5046705122019456             15.6856476797963893            384.6888258699374319            961.7220646748437503              1.3999999999999999              1.3999999999999999 0
       0.09472656               0.5083240032392775             15.9094663406079171            388.6019214261756929            971.5048035654394880              1.3999999999999999              1.3999999999999999 0
       0.09667969               0.5119588616616182             16.1314235332850764            392.5071280691187212            981.2678201727969736              1.3999999999999999              1.3999999999999999 0
       0.09863281               0.5155706551611482             16.3512288132767125            396.3994962869036272            990.9987407172592384              1.3999999999999999              1.3999999999999999 0
       0.10058594               0.5191543258959984             16.5685648076286007            400.2733560287556998           1000.6833900718894483              1.3999999999999999              1.3999999999999999 0
       0.10253906               0.5227041257029972             16.7830830849147290            404.1222384473489342           1010.3055961183725913              1.3999999999999999              1.3999999999999999 0
       0.10449219               0.5262135486930839             16.9943995097582174            407.9387938925843855           1019.8469847314612480              1.3999999999999999              1.3999999999999999 0
       0.10644531               0.5296752613053385             17.2020891959708173            411.7147062465139129           1029.2867656162850380              1.3999999999999999              1.3999999999999999 0
       0.10839844               0.5330810298458754             17.4056812892889994            415.4406035818911960           1038.6015089547281605              1.3999999999999999              1.3999999999999999 0
       0.11035156               0.5364216468952253             17.6046538984189418            419.1059665112119887           1047.7649162780301140              1.3999999999999999              1.3999999999999999 0
       0.11230469               0.5396868608836475             17.7984295691394756            422.6990386500710883           1056.7475966251779482              1.3999999999999999              1.3999999999999999 0
       0.11425781               0.5428653175017671             17.9863717980986557            426.2067482319639566           1065.5168705799101190              1.3999999999999999              1.3999999999999999 0
       0.11621094               0.5459445272573255             18.1677832528595182            429.6146558579762882           1074.0366396449410331              1.3999999999999999              1.3999999999999999 0
       0.11816406               0.5489108803137334             18.3419066322856956            432.9069504723192949           1082.2673761807984647              1.3999999999999999              1.3999999999999999 0
       0.12011719               0.5517497377082836             18.5079294695317813            436.0665237600948672           1090.1663094002374237              1.3999999999999999              1.3999999999999999 0
       0.12207031               0.5544456368574887             18.6649946137107392            439.0751617779613980           1097.6879044449037792              1.3999999999999999              1.3999999999999999 0
       0.12402344               0.5569826578476181             18.8122185378726066            441.9139003352228201           1104.7847508380573345              1.3999999999999999              1.3999999999999999 0
       0.12597656               0.5593450029089168             18.9487198460406248            444.5635943857390089           1111.4089859643477212              1.3999999999999999              1.3999999999999999 0
       0.12792969               0.5615178403241071             19.0736601250079723            447.0057462305424565           1117.5143655763563402              1.3999999999999999              1.3999999999999999 0
       0.12988281               0.5634884496530266             19.1862982437897784            449.2236153501811486           1123.0590383754531558              1.3999999999999999              1.3999999999999999 0
       0.13183594               0.5652476709693431             19.2860569660906478            451.2035864237980718           1128.0089660594953784              1.3999999999999999              1.3999999999999999 0
       0.13378906               0.5667916035580723             19.3725971207800285            452.9366977201453324           1132.3417443003636436              1.3999999999999999              1.3999999999999999 0
       0.13574219               0.5681234256569256             19.4458899076385805            454.4201369711367420           1136.0503424278422244              1.3999999999999999              1.3999999999999999 0
       0.13769531               0.5692551385486310             19.5062734171670549            455.6584216995266843           1139.1460542488168812              1.3999999999999999              1.3999999999999999 0
       0.13964844               0.5702090133504476             19.5544772788337795            456.6639393452172158           1141.6598483630432384              1.3999999999999999              1.3999999999999999 0
       0.14160156               0.5710185777705881             19.5916019424246564            457.4565765352886615           1143.6414413382219664              1.3999999999999999              1.3999999999999999 0
       0.14355469               0.5717291416427933             19.6190475831102340            458.0623382730885851           1145.1558456827217469              1.3999999999999999              1.3999999999999999 0
       0.14550781               0.5723980947176887             19.6384004642934364            458.5111153064872269           1146.2777882662182947              1.3999999999999999              1.3999999999999999 0
       0.14746094               0.5730954197105178             19.6512964652978468            458.8339940929757290           1147.0849852324395215              1.3999999999999999              1.3999999999999999 0
       0.14941406               0.5739049575938907             19.6592877489778139            459.0606253484592685           1147.6515633711483133              1.3999999999999999              1.3999999999999999 0
       0.15136719               0.5749271024280400             19.6637414333918912            459.2172181167163103           1148.0430452917910316              1.3999999999999999              1.3999999999999999 0
       0.15332031               0.5762830185793605             19.6657773578024795            459.3253010435965393           1148.3132526089916610              1.3999999999999999              1.3999999999999999 0
       0.15527344               0.5781206820826443             19.6662521382615623            459.4013879690392059           1148.5034699225982422              1.3999999999999999              1.3999999999999999 0
       0.15722656               0.5806226430879502             19.6657792582687811            459.4573471024620517           1148.6433677561553850              1.3999999999999999              1.3999999999999999 0
       0.15917969               0.5840154018214234             19.6647706598126604            459.5011907450185618           1148.7529768625465749              1.3999999999999999              1.3999999999999999 0
       0.16113281               0.5885803836887104             19.6634857946412005            459.5380132839662224           1148.8450332099157549              1.3999999999999999              1.3999999999999999 0
       0.16308594               0.5946667125764374             19.6620778159152323            459.5708774159261338           1148.9271935398155620              1.3999999999999999              1.3999999999999999 0
       0.16503906               0.6027063018141284             19.6606312057353989            459.6015378002395551           1149.0038445005991434              1.3999999999999999              1.3999999999999999 0
       0.16699219               0.6132322135934960             19.6591892235149217            459.6309711452464057           1149.0774278631163270              1.3999999999999999              1.3999999999999999 0
       0.16894531               0.6269017941336146             19.6577721165686619            459.6597303277986271           1149.1493258194968803              1.3999999999999999              1.3999999999999999 0
       0.17089844               0.6445268222346340             19.6563882806458565            459.6881609227655758           1149.2204023069141385              1.3999999999999999              1.3999999999999999 0
       0.17285156               0.6671138947533031             19.6550406458937523            459.7165230334179000           1149.2913075835449490              1.3999999999999999              1.3999999999999999 0
       0.17480469               0.6959196442386471             19.6537298852654558            459.7450602729153957           1149.3626506822888587              1.3999999999999999              1.3999999999999999 0
       0.17675781               0.7325273407908065             19.6524556875168130            459.7740442532169141           1149.4351106330425409              1.3999999999999999              1.3999999999999999 0
       0.17871094               0.7789543238307439             19.6512177730454205            459.8037940475682035           1149.5094851189207930              1.3999999999999999              1.3999999999999999 0
       0.18066406               0.8378042365389481             19.6500171238388610            459.8346784301350567           1149.5866960753378407              1.3999999999999999              1.3999999999999999 0
       0.18261719               0.9124854194913766             19.6488544439092898            459.8671797041990317           1149.6679492604978350              1.3999999999999999              1.3999999999999999 0
       0.18457031               1.0075288432250782             19.6477288305725466            459.9019739701104754           1149.7549349252763022              1.3999999999999999              1.3999999999999999 0
       0.18652344               1.1290591832892138             19.6466497768502144            459.9396858754225832           1149.8492146885566854              1.3999999999999999              1.3999999999999999 0
       0.18847656               1.2855137508738577             19.6456023111433034            459.9818993075440403           1149.9547482688603850              1.3999999999999999              1.3999999999999999 0
       0.19042969               1.4887697570078084             19.6446083757271914            460.0296758701420003           1150.0741896753552282              1.3999999999999999              1.3999999999999999 0
       0.19238281               1.7538676893638443             19.6436474751144949            460.0858108578474912           1150.2145271446190691              1.3999999999999999              1.3999999999999999 0
       0.19433594               2.0677418411975697             19.6428263628307924            460.1488720268378074           1150.3721800670948596              1.3999999999999999              1.3999999999999999 0
       0.19628906               2.4142954655561941             19.6420598137182907            460.2232571807080035           1150.5581429517703782              1.3999999999999999              1.3999999999999999 0
       0.19824219               2.7856846073544475             19.6413611980379557            460.3098782488953020           1150.7746956222385961              1.3999999999999999              1.3999999999999999 0
       0.20019531               3.1718580876636384             19.6407148975314421            460.4089068286625661           1151.0222670716566427              1.3999999999999999              1.3999999999999999 0
       0.20214844               3.5614922350195042             19.6400855948213540            460.5136431415575089           1151.2841078538940565              1.3999999999999999              1.3999999999999999 0
       0.20410156               3.9428702476506170             19.6391211947982534            460.6047667313386000           1151.5119168283467843              1.3999999999999999              1.3999999999999999 0
       0.20605469               4.3046056550229004             19.6367384351722443            460.6133221452104749           1151.5333053630263294              1.3999999999999999              1.3999999999999999 0
       0.20800781               4.6358911072030011             19.6294750912195148            460.3448361150493611           1150.8620902876236869              1.3999999999999999              1.3999999999999999 0
       0.20996094               4.9251072175469996             19.6081160166748738            459.2412483441794961           1148.1031208604490530              1.3999999999999999              1.3999999999999999 0
       0.21191406               5.1554437097662094             19.5481083584843631            455.8611183963937492           1139.6527959909844867              1.3999999999999999              1.3999999999999999 0
       0.21386719               5.2927814262894728             19.3883941130679531            446.5693948496655707           1116.4234871241642395              1.3999999999999999              1.3999999999999999 0
       0.21582031               5.2613725461722431             18.9773852790944133            423.0364475770927015           1057.5911189427320096              1.3999999999999999              1.3999999999999999 0
       0.21777344               4.9043707613318572             17.9551005869328755            368.5349171618525475            921.3372929046316813              1.3999999999999999              1.3999999999999999 0
       0.21972656               3.9997961198965366             15.5037535765148746            261.4656070600795488            653.6640176501989572              1.3999999999999999              1.3999999999999999 0
       0.22167969               2.5645111249539765             10.2403927310499157            112.9980174185791100            282.4950435464478460              1.3999999999999999              1.3999999999999999 0
       0.22363281               1.3726260340447911              2.8331344780582755             14.8005278740048354             37.0013196850120991              1.3999999999999999              1.3999999999999999 0
       0.22558594               1.0184288221229880              0.0739771842815919              0.1169656989805490              0.2924142474513725              1.3999999999999999              1.3999999999999999 0
       0.22753906               1.0000621842944617              0.0000422823827610              0.0100056521175684              0.0250141302939209              1.3999999999999999              1.3999999999999999 0
       0.22949219               1.0000000088919661              0.0000000014749753              0.0100000001745215              0.0250000004363038              1.3999999999999999              1.3999999999999999 0
       0.23144531               1.0000000000003728              0.0000000000000485              0.0100000000000057              0.0250000000000143              1.3999999999999999              1.3999999999999999 0
       0.23339844               1.0000000000000000              0.0000000000000000              0.0100000000000000              0.0250000000000000              1.3999999999999999              1.3999999999999999 0
       0.23535156               1.0000000000000000              0.0000000000000000              0.0100000000000000              0.0250000000000000              1.3999999999999999              1.3999999999999999 0
       0.23730469               1.0000000000000000              0.0000000000000000              0.0100000000000000              0.0250000000000000              1.3999999999999999              1.3999999999999999 0
       0.23925781               1.0000000000000000              0.0000000000000000              0.0100000000000000              0.0250000000000000              1.3999999999999999              1.3999999999999999 0
       0.24121094               1.0000000000000000              0.0000000000000000              0.0100000000000000              0.0250000000000000              1.3999999999999999              1.3999999999999999 0
       0.24316406               1.0000000000000000              0.0000000000000000              0.0100000000000000              0.0250000000000000              1.3999999999999999              1.3999999999999999 0
       0.24511719               1.0000000000000000              0.0000000000000000              0.0100000000000000              0.0250000000000000              1.3999999999999999              1.3999999999999999 0
       0.24707031               1.0000000000000000              0.0000000000000000              0.0100000000000000              0.0250000000000000              1.3999999999999999              1.3999999999999999 0
       0.24902344               1.0000000000000000              0.0000000000000000              0.0100000000000000              0.0250000000000000              1.3999999999999999              1.3999999999999999 0
       0.25097656               1.0000000000000000              0.0000000000000000              0.0100000000000000              0.0250000000000000              1.3999999999999999              1.3999999999999999 0
       0.25292969               1.0000000000000000              0.0000000000000000              0.0100000000000000              0.0250000000000000              1.3999999999999999              1.3999999999999999 0
       0.25488281               1.0000000000000000              0.0000000000000000              0.0100000000000000              0.0250000000000000              1.3999999999999999              1.3999999999999999 0
       0.25683594               1.0000000000000000              0.0000000000000000              0.0100000000000000              0.0250000000000000              1.3999999999999999              1.3999999999999999 0
       0.25878906               1.0000000000000000              0.0000000000000000              0.0100000000000000              0.0250000000000000              1.3999999999999999              1.3999999999999999 0
       0.26074219               1.0000000000000000              0.0000000000000000              0.0100000000000000              0.0250000000000000              1.3999999999999999              1.3999999999999999 0
       0.26269531               1.0000000000000000              0.0000000000000000              0.0100000000000000              0.0250000000000000              1.3999999999999999              1.3999999999999999 0
       0.26464844               1.0000000000000000              0.0000000000000000              0.0100000000000000              0.0250000000000000              1.3999999999999999              1.3999999999999999 0
       0.26660156               1.0000000000000000              0.0000000000000000              0.0100000000000000              0.0250000000000000              1.3999999999999999              1.3999999999999999 0
       0.26855469               1.0000000000000000              0.0000000000000000              0.0100000000000000              0.0250000000000000              1.3999999999999999              1.3999999999999999 0
       0.27050781               1.0000000000000000              0.0000000000000000              0.0100000000000000              0.0250000000000000              1.3999999999999999              1.3999999999999999 0
       0.27246094               1.0000000000000000              0.0000000000000000              0.0100000000000000              0.0250000000000000              1.3999999999999999              1.3999999999999999 0
       0.27441406               1.0000000000000000              0.0000000000000000              0.0100000000000000              0.0250000000000000              1.3999999999999999              1.3999999999999999 0
       0.27636719               1.0000000000000000              0.0000000000000000              0.0100000000000000              0.0250000000000000              1.3999999999999999              1.3999999999999999 0
       0.27832031               1.0000000000000000              0.0000000000000000              0.0100000000000000              0.0250000000000000              1.3999999999999999              1.3999999999999999 0
       0.28027344               1.0000000000000000              0.0000000000000000              0.0100000000000000              0.0250000000000000              1.3999999999999999              1.3999999999999999 0
       0.28222656               1.0000000000000000              0.0000000000000000              0.0100000000000000              0.0250000000000000              1.3999999999999999              1.3999999999999999 0
       0.28417969               1.0000000000000000              0.0000000000000000              0.0100000000000000              0.0250000000000000              1.3999999999999999              1.3999999999999999 0
       0.28613281               1.0000000000000000              0.0000000000000000              0.0100000000000000              0.0250000000000000              1.3999999999999999              1.3999999999999999 0
       0.28808594               1.0000000000000000              0.0000000000000000              0.0100000000000000              0.0250000000000000              1.3999999999999999              1.3999999999999999 0
       0.29003906               1.0000000000000000              0.0000000000000000              0.0100000000000000              0.0250000000000000              1.3999999999999999              1.3999999999999999 0
       0.29199219               1.0000000000000000              0.0000000000000000              0.0100000000000000              0.0250000000000000              1.3999999999999999              1.3999999999999999 0
       0.29394531               1.0000000000000000              0.0000000000000000              0.0100000000000000              0.0250000000000000              1.3999999999999999              1.3999999999999999 0
       0.29589844               1.0000000000000000              0.0000000000000000              0.0100000000000000              0.0250000000000000              1.3999999999999999              1.3999999999999999 0
       0.29785156               1.0000000000000000              0.0000000000000000              0.0100000000000000              0.0250000000000000              1.3999999999999999              1.3999999999999999 0
       0.29980469               1.0000000000000000              0.0000000000000000              0.0100000000000000              0.0250000000000000              1.3999999999999999              1.3999999999999999 0
       0.30175781               1.0000000000000000              0.0000000000000000              0.0100000000000000              0.0250000000000000              1.3999999999999999              1.3999999999999999 0
       0.30371094               1.0000000000000000              0.0000000000000000              0.0100000000000000              0.0250000000000000              1.3999999999999999              1.3999999999999999 0
       0.30566406               1.0000000000000000              0.0000000000000000              0.0100000000000000              0.0250000000000000              1.3999999999999999              1.3999999999999999 0
       0.30761719               1.0000000000000000              0.0000000000000000              0.0100000000000000              0.0250000000000000              1.3999999999999999              1.3999999999999999 0
       0.30957031               1.0000000000000000              0.0000000000000000              0.0100000000000000              0.0250000000000000              1.3999999999999999              1.3999999999999999 0
       0.31152344               1.0000000000000000              0.0000000000000000              0.0100000000000000              0.0250000000000000              1.3999999999999999              1.3999999999999999 0
       0.31347656               1.0000000000000000              0.0000000000000000              0.0100000000000000              0.0250000000000000              1.3999999999999999              1.3999999999999999 0
       0.31542969               1.0000000000000000              0.0000000000000000              0.0100000000000000              0.0250000000000000              1.3999999999999999              1.3999999999999999 0
       0.31738281               1.0000000000000000              0.0000000000000000              0.0100000000000000              0.0250000000000000              1.3999999999999999              1.3999999999999999 0
       0.31933594               1.0000000000000000              0.0000000000000000              0.0100000000000000              0.0250000000000000              1.3999999999999999              1.3999999999999999 0
       0.32128906               1.0000000000000000              0.0000000000000000              0.0100000000000000              0.0250000000000000              1.3999999999999999              1.3999999999999999 0
       0.32324219               1.0000000000000000              0.0000000000000000              0.0100000000000000              0.0250000000000000              1.3999999999999999              1.3999999999999999 0
       0.32519531               1.0000000000000000              0.0000000000000000              0.0100000000000000              0.0250000000000000              1.3999999999999999              1.3999999999999999 0
       0.32714844               1.0000000000000000              0.0000000000000000              0.0100000000000000              0.0250000000000000              1.3999999999999999              1.3999999999999999 0
       0.32910156               1.0000000000000000              0.0000000000000000              0.0100000000000000              0.0250000000000000              1.3999999999999999              1.3999999999999999 0
       0.33105469               1.0000000000000000              0.0000000000000000              0.0100000000000000              0.0250000000000000              1.3999999999999999              1.3999999999999999 0
       0.33300781               1.0000000000000000              0.0000000000000000              0.0100000000000000              0.0250000000000000              1.3999999999999999              1.3999999999999999 0
       0.33496094               1.0000000000000000              0.0000000000000000              0.0100000000000000              0.0250000000000000              1.3999999999999999              1.3999999999999999 0
       0.33691406               1.0000000000000000              0.0000000000000000              0.0100000000000000              0.0250000000000000              1.3999999999999999              1.3999999999999999 0
       0.33886719               1.0000000000000000              0.0000000000000000              0.0100000000000000              0.0250000000000000              1.3999999999999999              1.3999999999999999 0
       0.34082031               1.0000000000000000              0.0000000000000000              0.0100000000000000              0.0250000000000000              1.3999999999999999              1.3999999999999999 0
       0.34277344               1.0000000000000000              0.0000000000000000              0.0100000000000000              0.0250000000000000              1.3999999999999999              1.3999999999999999 0
       0.34472656               1.0000000000000000              0.0000000000000000              0.0100000000000000              0.0250000000000000              1.3999999999999999              1.3999999999999999 0
       0.34667969               1.0000000000000000              0.0000000000000000              0.0100000000000000              0.0250000000000000              1.3999999999999999              1.3999999999999999 0
       0.34863281               1.0000000000000000              0.0000000000000000              0.0100000000000000              0.0250000000000000              1.3999999999999999              1.3999999999999999 0
       0.35058594               1.0000000000000000              0.0000000000000000              0.0100000000000000              0.0250000000000000              1.3999999999999999              1.3999999999999999 0
       0.35253906               1.0000000000000000              0.0000000000000000              0.0100000000000000              0.0250000000000000              1.3999999999999999              1.3999999999999999 0
       0.35449219               1.0000000000000000              0.0000000000000000              0.0100000000000000              0.0250000000000000              1.3999999999999999              1.3999999999999999 0
       0.35644531               1.0000000000000000              0.0000000000000000              0.0100000000000000              0.0250000000000000              1.3999999999999999              1.3999999999999999 0
       0.35839844               1.0000000000000000              0.0000000000000000              0.0100000000000000              0.0250000000000000              1.3999999999999999              1.3999999999999999 0
       0.36035156               1.0000000000000000              0.0000000000000000              0.0100000000000000              0.0250000000000000              1.3999999999999999              1.3999999999999999 0
       0.36230469               1.0000000000000000              0.0000000000000000              0.0100000000000000              0.0250000000000000              1.3999999999999999              1.3999999999999999 0
       0.36425781               1.0000000000000000              0.0000000000000000              0.0100000000000000              0.0250000000000000              1.3999999999999999              1.3999999999999999 0
       0.36621094               1.0000000000000000              0.0000000000000000              0.0100000000000000              0.0250000000000000              1.3999999999999999              1.3999999999999999 0
       0.36816406               1.0000000000000000              0.0000000000000000              0.0100000000000000              0.0250000000000000              1.3999999999999999              1.3999999999999999 0
       0.37011719               1.0000000000000000              0.0000000000000000              0.0100000000000000              0.0250000000000000              1.3999999999999999              1.3999999999999999 0
       0.37207031               1.0000000000000000              0.0000000000000000              0.0100000000000000              0.0250000000000000              1.3999999999999999              1.3999999999999999 0
       0.37402344               1.0000000000000000              0.0000000000000000              0.0100000000000000              0.0250000000000000              1.3999999999999999              1.3999999999999999 0
       0.37597656               1.0000000000000000              0.0000000000000000              0.0100000000000000              0.0250000000000000              1.3999999999999999              1.3999999999999999 0
       0.37792969               1.0000000000000000              0.0000000000000000              0.0100000000000000              0.0250000000000000              1.3999999999999999              1.3999999999999999 0
       0.37988281               1.0000000000000000              0.0000000000000000              0.0100000000000000              0.0250000000000000              1.3999999999999999              1.3999999999999999 0
       0.38183594               1.0000000000000000              0.0000000000000000              0.0100000000000000              0.0250000000000000              1.3999999999999999              1.3999999999999999 0
       0.38378906               1.0000000000000000              0.0000000000000000              0.0100000000000000              0.0250000000000000              1.3999999999999999              1.3999999999999999 0
       0.38574219               1.0000000000000000              0.0000000000000000              0.0100000000000000              0.0250000000000000              1.3999999999999999              1.3999999999999999 0
       0.38769531               1.0000000000000000              0.0000000000000000              0.0100000000000000              0.0250000000000000              1.3999999999999999              1.3999999999999999 0
       0.38964844               1.0000000000000000              0.0000000000000000              0.0100000000000000              0.0250000000000000              1.3999999999999999              1.3999999999999999 0
       0.39160156               1.0000000000000000              0.0000000000000000              0.0100000000000000              0.0250000000000000              1.3999999999999999              1.3999999999999999 0
       0.39355469               1.0000000000000000              0.0000000000000000              0.0100000000000000              0.0250000000000000              1.3999999999999999              1.3999999999999999 0
       0.39550781               1.0000000000000000              0.0000000000000000              0.0100000000000000              0.0250000000000000              1.3999999999999999              1.3999999999999999 0
       0.39746094               1.0000000000000000              0.0000000000000000              0.0100000000000000              0.0250000000000000              1.3999999999999999              1.3999999999999999 0
       0.39941406               1.0000000000000000              0.0000000000000000              0.0100000000000000              0.0250000000000000              1.3999999999999999              1.3999999999999999 0
       0.40136719               1.0000000000000000              0.0000000000000000              0.0100000000000000              0.0250000000000000              1.3999999999999999              1.3999999999999999 0
       0.40332031               1.0000000000000000              0.0000000000000000              0.0100000000000000              0.0250000000000000              1.3999999999999999              1.3999999999999999 0
       0.40527344               1.0000000000000000              0.0000000000000000              0.0100000000000000              0.0250000000000000              1.3999999999999999              1.3999999999999999 0
       0.40722656               1.0000000000000000              0.0000000000000000              0.0100000000000000              0.0250000000000000              1.3999999999999999              1.3999999999999999 0
       0.40917969               1.0000000000000000              0.0000000000000000              0.0100000000000000              0.0250000000000000              1.3999999999999999              1.3999999999999999 0
       0.41113281               1.0000000000000000              0.0000000000000000              0.0100000000000000              0.0250000000000000              1.3999999999999999              1.3999999999999999 0
       0.41308594               1.0000000000000000              0.0000000000000000              0.0100000000000000              0.0250000000000000              1.3999999999999999              1.3999999999999999 0
       0.41503906               1.0000000000000000              0.0000000000000000              0.0100000000000000              0.0250000000000000              1.3999999999999999              1.3999999999999999 0
       0.41699219               1.0000000000000000              0.0000000000000000              0.0100000000000000              0.0250000000000000              1.3999999999999999              1.3999999999999999 0
       0.41894531               1.0000000000000000              0.0000000000000000              0.0100000000000000              0.0250000000000000              1.3999999999999999              1.3999999999999999 0
       0.42089844               1.0000000000000000              0.0000000000000000              0.0100000000000000              0.0250000000000000              1.3999999999999999              1.3999999999999999 0
       0.42285156               1.0000000000000000              0.0000000000000000              0.0100000000000000              0.0250000000000000              1.3999999999999999              1.3999999999999999 0
       0.42480469               1.0000000000000000              0.0000000000000000              0.0100000000000000              0.0250000000000000              1.3999999999999999              1.3999999999999999 0
       0.42675781               1.0000000000000000              0.0000000000000000              0.0100000000000000              0.0250000000000000              1.3999999999999999              1.3999999999999999 0
       0.42871094               1.0000000000000000              0.0000000000000000              0.0100000000000000              0.0250000000000000              1.3999999999999999              1.3999999999999999 0
       0.43066406               1.0000000000000000              0.0000000000000000              0.0100000000000000              0.0250000000000000              1.3999999999999999              1.3999999999999999 0
       0.43261719               1.0000000000000000              0.0000000000000000              0.0100000000000000              0.0250000000000000              1.3999999999999999              1.3999999999999999 0
       0.43457031               1.0000000000000000              0.0000000000000000              0.0100000000000000              0.0250000000000000              1.3999999999999999              1.3999999999999999 0
       0.43652344               1.0000000000000000              0.0000000000000000              0.0100000000000000              0.0250000000000000              1.3999999999999999              1.3999999999999999 0
       0.43847656               1.0000000000000000              0.0000000000000000              0.0100000000000000              0.0250000000000000              1.3999999999999999              1.3999999999999999 0
       0.44042969               1.0000000000000000              0.0000000000000000              0.0100000000000000              0.0250000000000000              1.3999999999999999              1.3999999999999999 0
       0.44238281               1.0000000000000000              0.0000000000000000              0.0100000000000000              0.0250000000000000              1.3999999999999999              1.3999999999999999 0
       0.44433594               1.0000000000000000              0.0000000000000000              0.0100000000000000              0.0250000000000000              1.3999999999999999              1.3999999999999999 0
       0.44628906               1.0000000000000000              0.0000000000000000              0.0100000000000000              0.0250000000000000              1.3999999999999999              1.3999999999999999 0
       0.44824219               1.0000000000000000              0.0000000000000000              0.0100000000000000              0.0250000000000000              1.3999999999999999              1.3999999999999999 0
       0.45019531               1.0000000000000000              0.0000000000000000              0.0100000000000000              0.0250000000000000              1.3999999999999999              1.3999999999999999 0
       0.45214844               1.0000000000000000              0.0000000000000000              0.0100000000000000              0.0250000000000000              1.3999999999999999              1.3999999999999999 0
       0.45410156               1.0000000000000000              0.0000000000000000              0.0100000000000000              0.0250000000000000              1.3999999999999999              1.3999999999999999 0
       0.45605469               1.0000000000000000              0.0000000000000000              0.0100000000000000              0.0250000000000000              1.3999999999999999              1.3999999999999999 0
       0.45800781               1.0000000000000000              0.0000000000000000              0.0100000000000000              0.0250000000000000              1.3999999999999999              1.3999999999999999 0
       0.45996094               1.0000000000000000              0.0000000000000000              0.0100000000000000              0.0250000000000000              1.3999999999999999              1.3999999999999999 0
       0.46191406               1.0000000000000000              0.0000000000000000              0.0100000000000000              0.0250000000000000              1.3999999999999999              1.3999999999999999 0
       0.46386719               1.0000000000000000              0.0000000000000000              0.0100000000000000              0.0250000000000000              1.3999999999999999              1.3999999999999999 0
       0.46582031               1.0000000000000000              0.0000000000000000              0.0100000000000000              0.0250000000000000              1.3999999999999999              1.3999999999999999 0
       0.46777344               1.0000000000000000              0.0000000000000000              0.0100000000000000              0.0250000000000000              1.3999999999999999              1.3999999999999999 0
       0.46972656               1.0000000000000000              0.0000000000000000              0.0100000000000000              0.0250000000000000              1.3999999999999999              1.3999999999999999 0
       0.47167969               1.0000000000000000              0.0000000000000000              0.0100000000000000              0.0250000000000000              1.3999999999999999              1.3999999999999999 0
       0.47363281               1.0000000000000000              0.0000000000000000              0.0100000000000000              0.0250000000000000              1.3999999999999999              1.3999999999999999 0
       0.47558594               1.0000000000000000              0.0000000000000000              0.0100000000000000              0.0250000000000000              1.3999999999999999              1.3999999999999999 0
       0.47753906               1.0000000000000000              0.0000000000000000              0.0100000000000000              0.0250000000000000              1.3999999999999999              1.3999999999999999 0
       0.47949219               1.0000000000000000              0.0000000000000000              0.0100000000000000              0.0250000000000000              1.3999999999999999              1.3999999999999999 0
       0.48144531               1.0000000000000000              0.0000000000000000              0.0100000000000000              0.0250000000000000              1.3999999999999999              1.3999999999999999 0
       0.48339844               1.0000000000000000              0.0000000000000000              0.0100000000000000              0.0250000000000000              1.3999999999999999              1.3999999999999999 0
       0.48535156               1.0000000000000000              0.0000000000000000              0.0100000000000000              0.0250000000000000              1.3999999999999999              1.3999999999999999 0
       0.48730469               1.0000000000000000              0.0000000000000000              0.0100000000000000              0.0250000000000000              1.3999999999999999              1.3999999999999999 0
       0.48925781               1.0000000000000000              0.0000000000000000              0.0100000000000000              0.0250000000000000              1.3999999999999999              1.3999999999999999 0
       0.49121094               1.0000000000000000              0.0000000000000000              0.0100000000000000              0.0250000000000000              1.3999999999999999              1.3999999999999999 0
       0.49316406               1.0000000000000000              0.0000000000000000              0.0100000000000000              0.0250000000000000              1.3999999999999999              1.3999999999999999 0
       0.49511719               1.0000000000000000              0.0000000000000000              0.0100000000000000              0.0250000000000000              1.3999999999999999              1.3999999999999999 0
       0.49707031               1.0000000000000000              0.0000000000000000              0.0100000000000000              0.0250000000000000              1.3999999999999999              1.3999999999999999 0
       0.49902344               1.0000000000000000              0.0000000000000000              0.0100000000000000              0.0250000000000000              1.3999999999999999              1.3999999999999999 0
       0.50097656               1.0000000000000000              0.0000000000000000              0.0100000000000000              0.0250000000000000              1.3999999999999999              1.3999999999999999 0
       0.50292969               1.0000000000000000              0.0000000000000000              0.0100000000000000              0.0250000000000000              1.3999999999999999              1.3999999999999999 0
       0.50488281               1.0000000000000000              0.0000000000000000              0.0100000000000000              0.0250000000000000              1.3999999999999999              1.3999999999999999 0
       0.50683594               1.0000000000000000              0.0000000000000000              0.0100000000000000              0.0250000000000000              1.3999999999999999              1.3999999999999999 0
       0.50878906               1.0000000000000000              0.0000000000000000              0.0100000000000000              0.0250000000000000              1.3999999999999999              1.3999999999999999 0
       0.51074219               1.0000000000000000              0.0000000000000000              0.0100000000000000              0.0250000000000000              1.3999999999999999              1.3999999999999999 0
       0.51269531               1.0000000000000000              0.0000000000000000              0.0100000000000000              0.0250000000000000              1.3999999999999999              1.3999999999999999 0
       0.51464844               1.0000000000000000              0.0000000000000000              0.0100000000000000              0.0250000000000000              1.3999999999999999              1.3999999999999999 0
       0.51660156               1.0000000000000000              0.0000000000000000              0.0100000000000000              0.0250000000000000              1.3999999999999999              1.3999999999999999 0
       0.51855469               1.0000000000000000              0.0000000000000000              0.0100000000000000              0.0250000000000000              1.3999999999999999              1.3999999999999999 0
       0.52050781               1.0000000000000000              0.0000000000000000              0.0100000000000000              0.0250000000000000              1.3999999999999999              1.3999999999999999 0
       0.52246094               1.0000000000000000              0.0000000000000000              0.0100000000000000              0.0250000000000000              1.3999999999999999              1.3999999999999999 0
       0.52441406               1.0000000000000000              0.0000000000000000              0.0100000000000000              0.0250000000000000              1.3999999999999999              1.3999999999999999 0
       0.52636719               1.0000000000000000              0.0000000000000000              0.0100000000000000              0.0250000000000000              1.3999999999999999              1.3999999999999999 0
       0.52832031               1.0000000000000000              0.0000000000000000              0.0100000000000000              0.0250000000000000              1.3999999999999999              1.3999999999999999 0
       0.53027344               1.0000000000000000              0.0000000000000000              0.0100000000000000              0.0250000000000000              1.3999999999999999              1.3999999999999999 0
       0.53222656               1.0000000000000000              0.0000000000000000              0.0100000000000000              0.0250000000000000              1.3999999999999999              1.3999999999999999 0
       0.53417969               1.0000000000000000              0.0000000000000000              0.0100000000000000              0.0250000000000000              1.3999999999999999              1.3999999999999999 0
       0.53613281               1.0000000000000000              0.0000000000000000              0.0100000000000000              0.0250000000000000              1.3999999999999999              1.3999999999999999 0
       0.53808594               1.0000000000000000              0.0000000000000000              0.0100000000000000              0.0250000000000000              1.3999999999999999              1.3999999999999999 0
       0.54003906               1.0000000000000000              0.0000000000000000              0.0100000000000000              0.0250000000000000              1.3999999999999999              1.3999999999999999 0
       0.54199219               1.0000000000000000              0.0000000000000000              0.0100000000000000              0.0250000000000000              1.3999999999999999              1.3999999999999999 0
       0.54394531               1.0000000000000000              0.0000000000000000              0.0100000000000000              0.0250000000000000              1.3999999999999999              1.3999999999999999 0
       0.54589844               1.0000000000000000              0.0000000000000000              0.0100000000000000              0.0250000000000000              1.3999999999999999              1.3999999999999999 0
       0.54785156               1.0000000000000000              0.0000000000000000              0.0100000000000000              0.0250000000000000              1.3999999999999999              1.3999999999999999 0
       0.54980469               1.0000000000000000              0.0000000000000000              0.0100000000000000              0.0250000000000000              1.3999999999999999              1.3999999999999999 0
       0.55175781               1.0000000000000000              0.0000000000000000              0.0100000000000000              0.0250000000000000              1.3999999999999999              1.3999999999999999 0
       0.55371094               1.0000000000000000              0.0000000000000000              0.0100000000000000              0.0250000000000000              1.3999999999999999              1.3999999999999999 0
       0.55566406               1.0000000000000000              0.0000000000000000              0.0100000000000000              0.0250000000000000              1.3999999999999999              1.3999999999999999 0
       0.55761719               1.0000000000000000              0.0000000000000000              0.0100000000000000              0.0250000000000000              1.3999999999999999              1.3999999999999999 0
       0.55957031               1.0000000000000000              0.0000000000000000              0.0100000000000000              0.0250000000000000              1.3999999999999999              1.3999999999999999 0
       0.56152344               1.0000000000000000              0.0000000000000000              0.0100000000000000              0.0250000000000000              1.3999999999999999              1.3999999999999999 0
       0.56347656               1.0000000000000000              0.0000000000000000              0.0100000000000000              0.0250000000000000              1.3999999999999999              1.3999999999999999 0
       0.56542969               1.0000000000000000              0.0000000000000000              0.0100000000000000              0.0250000000000000              1.3999999999999999              1.3999999999999999 0
       0.56738281               1.0000000000000000              0.0000000000000000              0.0100000000000000              0.0250000000000000              1.3999999999999999              1.3999999999999999 0
       0.56933594               1.0000000000000000              0.0000000000000000              0.0100000000000000              0.0250000000000000              1.3999999999999999              1.3999999999999999 0
       0.57128906               1.0000000000000000              0.0000000000000000              0.0100000000000000              0.0250000000000000              1.3999999999999999              1.3999999999999999 0
       0.57324219               1.0000000000000000              0.0000000000000000              0.0100000000000000              0.0250000000000000              1.3999999999999999              1.3999999999999999 0
       0.57519531               1.0000000000000000              0.0000000000000000              0.0100000000000000              0.0250000000000000              1.3999999999999999              1.3999999999999999 0
       0.57714844               1.0000000000000000              0.0000000000000000              0.0100000000000000              0.0250000000000000              1.3999999999999999              1.3999999999999999 0
       0.57910156               1.0000000000000000              0.0000000000000000              0.0100000000000000              0.0250000000000000              1.3999999999999999              1.3999999999999999 0
       0.58105469               1.0000000000000000              0.0000000000000000              0.0100000000000000              0.0250000000000000              1.3999999999999999              1.3999999999999999 0
       0.58300781               1.0000000000000000              0.0000000000000000              0.0100000000000000              0.0250000000000000              1.3999999999999999              1.3999999999999999 0
       0.58496094               1.0000000000000000              0.0000000000000000              0.0100000000000000              0.0250000000000000              1.3999999999999999              1.3999999999999999 0
       0.58691406               1.0000000000000000              0.0000000000000000              0.0100000000000000              0.0250000000000000              1.3999999999999999              1.3999999999999999 0
       0.58886719               1.0000000000000000              0.0000000000000000              0.0100000000000000              0.0250000000000000              1.3999999999999999              1.3999999999999999 0
       0.59082031               1.0000000000000000              0.0000000000000000              0.0100000000000000              0.0250000000000000              1.3999999999999999              1.3999999999999999 0
       0.59277344               1.0000000000000000              0.0000000000000000              0.0100000000000000              0.0250000000000000              1.3999999999999999              1.3999999999999999 0
       0.59472656               1.0000000000000000              0.0000000000000000              0.0100000000000000              0.0250000000000000              1.3999999999999999              1.3999999999999999 0
       0.59667969               1.0000000000000000              0.0000000000000000              0.0100000000000000              0.0250000000000000              1.3999999999999999              1.3999999999999999 0
       0.59863281               1.0000000000000000              0.0000000000000000              0.0100000000000000              0.0250000000000000              1.3999999999999999              1.3999999999999999 0
       0.60058594               1.0000000000000000              0.0000000000000000              0.0100000000000000              0.0250000000000000              1.3999999999999999              1.3999999999999999 0
       0.60253906               1.0000000000000000              0.0000000000000000              0.0100000000000000              0.0250000000000000              1.3999999999999999              1.3999999999999999 0
       0.60449219               1.0000000000000000              0.0000000000000000              0.0100000000000000              0.0250000000000000              1.3999999999999999              1.3999999999999999 0
       0.60644531               1.0000000000000000              0.0000000000000000              0.0100000000000000              0.0250000000000000              1.3999999999999999              1.3999999999999999 0
       0.60839844               1.0000000000000000              0.0000000000000000              0.0100000000000000              0.0250000000000000              1.3999999999999999              1.3999999999999999 0
       0.61035156               1.0000000000000000              0.0000000000000000              0.0100000000000000              0.0250000000000000              1.3999999999999999              1.3999999999999999 0
       0.61230469               1.0000000000000000              0.0000000000000000              0.0100000000000000              0.0250000000000000              1.3999999999999999              1.3999999999999999 0
       0.61425781               1.0000000000000000              0.0000000000000000              0.0100000000000000              0.0250000000000000              1.3999999999999999              1.3999999999999999 0
       0.61621094               1.0000000000000000              0.0000000000000000              0.0100000000000000              0.0250000000000000              1.3999999999999999              1.3999999999999999 0
       0.61816406               1.0000000000000000              0.0000000000000000              0.0100000000000000              0.0250000000000000              1.3999999999999999              1.3999999999999999 0
       0.62011719               1.0000000000000000              0.0000000000000000              0.0100000000000000              0.0250000000000000              1.3999999999999999              1.3999999999999999 0
       0.62207031               1.0000000000000000              0.0000000000000000              0.0100000000000000              0.0250000000000000              1.3999999999999999              1.3999999999999999 0
       0.62402344               1.0000000000000000              0.0000000000000000              0.0100000000000000              0.0250000000000000              1.3999999999999999              1.3999999999999999 0
       0.62597656               1.0000000000000000              0.0000000000000000              0.0100000000000000              0.0250000000000000              1.3999999999999999              1.3999999999999999 0
       0.62792969               1.0000000000000000              0.0000000000000000              0.0100000000000000              0.0250000000000000              1.3999999999999999              1.3999999999999999 0
       0.62988281               1.0000000000000000              0.0000000000000000              0.0100000000000000              0.0250000000000000              1.3999999999999999              1.3999999999999999 0
       0.63183594               1.0000000000000000              0.0000000000000000              0.0100000000000000              0.0250000000000000              1.3999999999999999              1.3999999999999999 0
       0.63378906               1.0000000000000000              0.0000000000000000              0.0100000000000000              0.0250000000000000              1.3999999999999999              1.3999999999999999 0
       0.63574219               1.0000000000000000              0.0000000000000000              0.0100000000000000              0.0250000000000000              1.3999999999999999              1.3999999999999999 0
       0.63769531               1.0000000000000000              0.0000000000000000              0.0100000000000000              0.0250000000000000              1.3999999999999999              1.3999999999999999 0
       0.63964844               1.0000000000000000              0.0000000000000000              0.0100000000000000              0.0250000000000000              1.3999999999999999              1.3999999999999999 0
       0.64160156               1.0000000000000000              0.0000000000000000              0.0100000000000000              0.0250000000000000              1.3999999999999999              1.3999999999999999 0
       0.64355469               1.0000000000000000              0.0000000000000000              0.0100000000000000              0.0250000000000000              1.3999999999999999              1.3999999999999999 0
       0.64550781               1.0000000000000000              0.0000000000000000              0.0100000000000000              0.0250000000000000              1.3999999999999999              1.3999999999999999 0
       0.64746094               1.0000000000000000              0.0000000000000000              0.0100000000000000              0.0250000000000000              1.3999999999999999              1.3999999999999999 0
       0.64941406               1.0000000000000000              0.0000000000000000              0.0100000000000000              0.0250000000000000              1.3999999999999999              1.3999999999999999 0
       0.65136719               1.0000000000000000              0.0000000000000000              0.0100000000000000              0.0250000000000000              1.3999999999999999              1.3999999999999999 0
       0.65332031               1.0000000000000000              0.0000000000000000              0.0100000000000000              0.0250000000000000              1.3999999999999999              1.3999999999999999 0
       0.65527344               1.0000000000000000              0.0000000000000000              0.0100000000000000              0.0250000000000000              1.3999999999999999              1.3999999999999999 0
       0.65722656               1.0000000000000000              0.0000000000000000              0.0100000000000000              0.0250000000000000              1.3999999999999999              1.3999999999999999 0
       0.65917969               1.0000000000000000              0.0000000000000000              0.0100000000000000              0.0250000000000000              1.3999999999999999              1.3999999999999999 0
       0.66113281               1.0000000000000000              0.0000000000000000              0.0100000000000000              0.0250000000000000              1.3999999999999999              1.3999999999999999 0
       0.66308594               1.0000000000000000              0.0000000000000000              0.0100000000000000              0.0250000000000000              1.3999999999999999              1.3999999999999999 0
       0.66503906               1.0000000000000000              0.0000000000000000              0.0100000000000000              0.0250000000000000              1.3999999999999999              1.3999999999999999 0
       0.66699219               1.0000000000000000              0.0000000000000000              0.0100000000000000              0.0250000000000000              1.3999999999999999              1.3999999999999999 0
       0.66894531               1.0000000000000000              0.0000000000000000              0.0100000000000000              0.0250000000000000              1.3999999999999999              1.3999999999999999 0
       0.67089844               1.0000000000000000              0.0000000000000000              0.0100000000000000              0.0250000000000000              1.3999999999999999              1.3999999999999999 0
       0.67285156               1.0000000000000000              0.0000000000000000              0.0100000000000000              0.0250000000000000              1.3999999999999999              1.3999999999999999 0
       0.67480469               1.0000000000000000              0.0000000000000000              0.0100000000000000              0.0250000000000000              1.3999999999999999              1.3999999999999999 0
       0.67675781               1.0000000000000000              0.0000000000000000              0.0100000000000000              0.0250000000000000              1.3999999999999999              1.3999999999999999 0
       0.67871094               1.0000000000000000              0.0000000000000000              0.0100000000000000              0.0250000000000000              1.3999999999999999              1.3999999999999999 0
       0.68066406               1.0000000000000000              0.0000000000000000              0.0100000000000000              0.0250000000000000              1.3999999999999999              1.3999999999999999 0
       0.68261719               1.0000000000000000              0.0000000000000000              0.0100000000000000              0.0250000000000000              1.3999999999999999              1.3999999999999999 0
       0.68457031               1.0000000000000000              0.0000000000000000              0.0100000000000000              0.0250000000000000              1.3999999999999999              1.3999999999999999 0
       0.68652344               1.0000000000000000              0.0000000000000000              0.0100000000000000              0.0250000000000000              1.3999999999999999              1.3999999999999999 0
       0.68847656               1.0000000000000000              0.0000000000000000              0.0100000000000000              0.0250000000000000              1.3999999999999999              1.3999999999999999 0
       0.69042969               1.0000000000000000              0.0000000000000000              0.0100000000000000              0.0250000000000000              1.3999999999999999              1.3999999999999999 0
       0.69238281               1.0000000000000000              0.0000000000000000              0.0100000000000000              0.0250000000000000              1.3999999999999999              1.3999999999999999 0
       0.69433594               1.0000000000000000              0.0000000000000000              0.0100000000000000              0.0250000000000000              1.3999999999999999              1.3999999999999999 0
       0.69628906               1.0000000000000000              0.0000000000000000              0.0100000000000000              0.0250000000000000              1.3999999999999999              1.3999999999999999 0
       0.69824219               1.0000000000000000              0.0000000000000000              0.0100000000000000              0.0250000000000000              1.3999999999999999              1.3999999999999999 0
       0.70019531               1.0000000000000000              0.0000000000000000              0.0100000000000000              0.0250000000000000              1.3999999999999999              1.3999999999999999 0
       0.70214844               1.0000000000000000              0.0000000000000000              0.0100000000000000              0.0250000000000000              1.3999999999999999              1.3999999999999999 0
       0.70410156               1.0000000000000000              0.0000000000000000              0.0100000000000000              0.0250000000000000              1.3999999999999999              1.3999999999999999 0
       0.70605469               1.0000000000000000              0.0000000000000000              0.0100000000000000              0.0250000000000000              1.3999999999999999              1.3999999999999999 0
       0.70800781               1.0000000000000000              0.0000000000000000              0.0100000000000000              0.0250000000000000              1.3999999999999999              1.3999999999999999 0
       0.70996094               1.0000000000000000              0.0000000000000000              0.0100000000000000              0.0250000000000000              1.3999999999999999              1.3999999999999999 0
       0.71191406               1.0000000000000000              0.0000000000000000              0.0100000000000000              0.0250000000000000              1.3999999999999999              1.3999999999999999 0
       0.71386719               1.0000000000000000              0.0000000000000000              0.0100000000000000              0.0250000000000000              1.3999999999999999              1.3999999999999999 0
       0.71582031               1.0000000000000000              0.0000000000000000              0.0100000000000000              0.0250000000000000              1.3999999999999999              1.3999999999999999 0
       0.71777344               1.0000000000000000              0.0000000000000000              0.0100000000000000              0.0250000000000000              1.3999999999999999              1.3999999999999999 0
       0.71972656               1.0000000000000000              0.0000000000000000              0.0100000000000000              0.0250000000000000              1.3999999999999999              1.3999999999999999 0
       0.72167969               1.0000000000000000              0.0000000000000000              0.0100000000000000              0.0250000000000000              1.3999999999999999              1.3999999999999999 0
       0.72363281               1.0000000000000000              0.0000000000000000              0.0100000000000000              0.0250000000000000              1.3999999999999999              1.3999999999999999 0
       0.72558594               1.0000000000000000              0.0000000000000000              0.0100000000000000              0.0250000000000000              1.3999999999999999              1.3999999999999999 0
       0.72753906               1.0000000000000000              0.0000000000000000              0.0100000000000000              0.0250000000000000              1.3999999999999999              1.3999999999999999 0
       0.72949219               1.0000000000000000              0.0000000000000000              0.0100000000000000              0.0250000000000000              1.3999999999999999              1.3999999999999999 0
       0.73144531               1.0000000000000000              0.0000000000000000              0.0100000000000000              0.0250000000000000              1.3999999999999999              1.3999999999999999 0
       0.73339844               1.0000000000000000              0.0000000000000000              0.0100000000000000              0.0250000000000000              1.3999999999999999              1.3999999999999999 0
       0.73535156               1.0000000000000000              0.0000000000000000              0.0100000000000000              0.0250000000000000              1.3999999999999999              1.3999999999999999 0
       0.73730469               1.0000000000000000              0.0000000000000000              0.0100000000000000              0.0250000000000000              1.3999999999999999              1.3999999999999999 0
       0.73925781               1.0000000000000000              0.0000000000000000              0.0100000000000000              0.0250000000000000              1.3999999999999999              1.3999999999999999 0
       0.74121094               1.0000000000000000              0.0000000000000000              0.0100000000000000              0.0250000000000000              1.3999999999999999              1.3999999999999999 0
       0.74316406               1.0000000000000000              0.0000000000000000              0.0100000000000000              0.0250000000000000              1.3999999999999999              1.3999999999999999 0
       0.74511719               1.0000000000000000              0.0000000000000000              0.0100000000000000              0.0250000000000000              1.3999999999999999              1.3999999999999999 0
       0.74707031               1.0000000000000000              0.0000000000000000              0.0100000000000000              0.0250000000000000              1.3999999999999999              1.3999999999999999 0
       0.74902344               1.0000000000000000              0.0000000000000000              0.0100000000000000              0.0250000000000000              1.3999999999999999              1.3999999999999999 0
       0.75097656               1.0000000000000000              0.0000000000000000              0.0100000000000000              0.0250000000000000              1.3999999999999999              1.3999999999999999 0
       0.75292969               1.0000000000000000              0.0000000000000000              0.0100000000000000              0.0250000000000000              1.3999999999999999              1.3999999999999999 0
       0.75488281               1.0000000000000000              0.0000000000000000              0.0100000000000000              0.0250000000000000              1.3999999999999999              1.3999999999999999 0
       0.75683594               1.0000000000000000              0.0000000000000000              0.0100000000000000              0.0250000000000000              1.3999999999999999              1.3999999999999999 0
       0.75878906               1.0000000000000000              0.0000000000000000              0.0100000000000000              0.0250000000000000              1.3999999999999999              1.3999999999999999 0
       0.76074219               1.0000000000000000              0.0000000000000000              0.0100000000000000              0.0250000000000000              1.3999999999999999              1.3999999999999999 0
       0.76269531               1.0000000000000000              0.0000000000000000              0.0100000000000000              0.0250000000000000              1.3999999999999999              1.3999999999999999 0
       0.76464844               1.0000000000000000              0.0000000000000000              0.0100000000000000              0.0250000000000000              1.3999999999999999              1.3999999999999999 0
       0.76660156               1.0000000000000000              0.0000000000000000              0.0100000000000000              0.0250000000000000              1.3999999999999999              1.3999999999999999 0
       0.76855469               1.0000000000000000              0.0000000000000000              0.0100000000000000              0.0250000000000000              1.3999999999999999              1.3999999999999999 0
       0.77050781               1.0000000000000000              0.0000000000000000              0.0100000000000000              0.0250000000000000              1.3999999999999999              1.3999999999999999 0
       0.77246094               1.0000000000000000              0.0000000000000000              0.0100000000000000              0.0250000000000000              1.3999999999999999              1.3999999999999999 0
       0.77441406               1.0000000000000000              0.0000000000000000              0.0100000000000000              0.0250000000000000              1.3999999999999999              1.3999999999999999 0
       0.77636719               1.0000000000000000              0.0000000000000000              0.0100000000000000              0.0250000000000000              1.3999999999999999              1.3999999999999999 0
       0.77832031               1.0000000000000000              0.0000000000000000              0.0100000000000000              0.0250000000000000              1.3999999999999999              1.3999999999999999 0
       0.78027344               1.0000000000000000              0.0000000000000000              0.0100000000000000              0.0250000000000000              1.3999999999999999              1.3999999999999999 0
       0.78222656               1.0000000000000000              0.0000000000000000              0.0100000000000000              0.0250000000000000              1.3999999999999999              1.3999999999999999 0
       0.78417969               1.0000000000000000              0.0000000000000000              0.0100000000000000              0.0250000000000000              1.3999999999999999              1.3999999999999999 0
       0.78613281               1.0000000000000000              0.0000000000000000              0.0100000000000000              0.0250000000000000              1.3999999999999999              1.3999999999999999 0
       0.78808594               1.0000000000000000              0.0000000000000000              0.0100000000000000              0.0250000000000000              1.3999999999999999              1.3999999999999999 0
       0.79003906               1.0000000000000000              0.0000000000000000              0.0100000000000000              0.0250000000000000              1.3999999999999999              1.3999999999999999 0
       0.79199219               1.0000000000000000              0.0000000000000000              0.0100000000000000              0.0250000000000000              1.3999999999999999              1.3999999999999999 0
       0.79394531               1.0000000000000000              0.0000000000000000              0.0100000000000000              0.0250000000000000              1.3999999999999999              1.3999999999999999 0
       0.79589844               1.0000000000000000              0.0000000000000000              0.0100000000000000              0.0250000000000000              1.3999999999999999              1.3999999999999999 0
       0.79785156               1.0000000000000000              0.0000000000000000              0.0100000000000000              0.0250000000000000              1.3999999999999999              1.3999999999999999 0
       0.79980469               1.0000000000000000              0.0000000000000000              0.0100000000000000              0.0250000000000000              1.3999999999999999              1.3999999999999999 0
       0.80175781               1.0000000000000000              0.0000000000000000              0.0100000000000000              0.0250000000000000              1.3999999999999999              1.3999999999999999 0
       0.80371094               1.0000000000000000              0.0000000000000000              0.0100000000000000              0.0250000000000000              1.3999999999999999              1.3999999999999999 0
       0.80566406               1.0000000000000000              0.0000000000000000              0.0100000000000000              0.0250000000000000              1.3999999999999999              1.3999999999999999 0
       0.80761719               1.0000000000000000              0.0000000000000000              0.0100000000000000              0.0250000000000000              1.3999999999999999              1.3999999999999999 0
       0.80957031               1.0000000000000000              0.0000000000000000              0.0100000000000000              0.0250000000000000              1.3999999999999999              1.3999999999999999 0
       0.81152344               1.0000000000000000              0.0000000000000000              0.0100000000000000              0.0250000000000000              1.3999999999999999              1.3999999999999999 0
       0.81347656               1.0000000000000000              0.0000000000000000              0.0100000000000000              0.0250000000000000              1.3999999999999999              1.3999999999999999 0
       0.81542969               1.0000000000000000              0.0000000000000000              0.0100000000000000              0.0250000000000000              1.3999999999999999              1.3999999999999999 0
       0.81738281               1.0000000000000000              0.0000000000000000              0.0100000000000000              0.0250000000000000              1.3999999999999999              1.3999999999999999 0
       0.81933594               1.0000000000000000              0.0000000000000000              0.0100000000000000              0.0250000000000000              1.3999999999999999              1.3999999999999999 0
       0.82128906               1.0000000000000000              0.0000000000000000              0.0100000000000000              0.0250000000000000              1.3999999999999999              1.3999999999999999 0
       0.82324219               1.0000000000000000              0.0000000000000000              0.0100000000000000              0.0250000000000000              1.3999999999999999              1.3999999999999999 0
       0.82519531               1.0000000000000000              0.0000000000000000              0.0100000000000000              0.0250000000000000              1.3999999999999999              1.3999999999999999 0
       0.82714844               1.0000000000000000              0.0000000000000000              0.0100000000000000              0.0250000000000000              1.3999999999999999              1.3999999999999999 0
       0.82910156               1.0000000000000000              0.0000000000000000              0.0100000000000000              0.0250000000000000              1.3999999999999999              1.3999999999999999 0
       0.83105469               1.0000000000000000              0.0000000000000000              0.0100000000000000              0.0250000000000000              1.3999999999999999              1.3999999999999999 0
       0.83300781               1.0000000000000000              0.0000000000000000              0.0100000000000000              0.0250000000000000              1.3999999999999999              1.3999999999999999 0
       0.83496094               1.0000000000000000              0.0000000000000000              0.0100000000000000              0.0250000000000000              1.3999999999999999              1.3999999999999999 0
       0.83691406               1.0000000000000000              0.0000000000000000              0.0100000000000000              0.0250000000000000              1.3999999999999999              1.3999999999999999 0
       0.83886719               1.0000000000000000              0.0000000000000000              0.0100000000000000              0.0250000000000000              1.3999999999999999              1.3999999999999999 0
       0.84082031               1.0000000000000000              0.0000000000000000              0.0100000000000000              0.0250000000000000              1.3999999999999999              1.3999999999999999 0
       0.84277344               1.0000000000000000             -0.0000000000000000              0.0100000000000000              0.0250000000000000              1.3999999999999999              1.3999999999999999 0
       0.84472656               1.0000000000000095             -0.0000000000000012              0.0100000000000001              0.0250000000000003              1.3999999999999999              1.3999999999999999 0
       0.84667969               1.0000000000062224             -0.0000000000007835              0.0100000000000927              0.0250000000002318              1.3999999999999999              1.3999999999999999 0
       0.84863281               1.0000000038194257             -0.0000000005292282              0.0100000000626191              0.0250000001565478              1.3999999999999999              1.3999999999999999 0
       0.85058594               1.0000019452460369             -0.0000003552550848              0.0100000420390986              0.0250001050977465              1.3999999999999999              1.3999999999999999 0
       0.85253906               1.0004628570980767             -0.0002176766143237              0.0100304732662372              0.0250761831655931              1.3999999999999999              1.3999999999999999 0
       0.85449219               1.0252968626993033             -0.0350978687224584              0.0288824643708592              0.0722061609271481              1.3999999999999999              1.3999999999999999 0
       0.85644531               1.2702695246307001             -0.6439655420777832              0.9492855145284360              2.3732137863210907              1.3999999999999999              1.3999999999999999 0
       0.85839844               1.9577531916971174             -2.3665198283356172              6.7831106808349784             16.9577767020874504              1.3999999999999999              1.3999999999999999 0
