       0.00390625               1.0000000000000000              0.0000000000000000              1.0000000000000000              2.5000000000000004              1.3999999999999999              1.3999999999999999
       0.01171875               1.0000000000000000              0.0000000000000000              1.0000000000000000              2.5000000000000004              1.3999999999999999              1.3999999999999999
       0.01953125               1.0000000000000000              0.0000000000000000              1.0000000000000000              2.5000000000000004              1.3999999999999999              1.3999999999999999
       0.02734375               1.0000000000000000              0.0000000000000000              1.0000000000000000              2.5000000000000004              1.3999999999999999              1.3999999999999999
       0.03515625               1.0000000000000000              0.0000000000000000              1.0000000000000000              2.5000000000000004              1.3999999999999999              1.3999999999999999
       0.04296875               1.0000000000000000              0.0000000000000000              1.0000000000000000              2.5000000000000004              1.3999999999999999              1.3999999999999999
       0.05078125               1.0000000000000000              0.0000000000000000              1.0000000000000000              2.5000000000000004              1.3999999999999999              1.3999999999999999
       0.05859375               1.0000000000000000              0.0000000000000000              1.0000000000000000              2.5000000000000004              1.3999999999999999              1.3999999999999999
       0.06640625               1.0000000000000000              0.0000000000000000              1.0000000000000000              2.5000000000000004              1.3999999999999999              1.3999999999999999
       0.07421875               1.0000000000000000              0.0000000000000000              1.0000000000000000              2.5000000000000004              1.3999999999999999              1.3999999999999999
       0.08203125               1.0000000000000000              0.0000000000000000              1.0000000000000000              2.5000000000000004              1.3999999999999999              1.3999999999999999
       0.08984375               1.0000000000000000              0.0000000000000000              1.0000000000000000              2.5000000000000004              1.3999999999999999              1.3999999999999999
       0.09765625               1.0000000000000000              0.0000000000000000              1.0000000000000000              2.5000000000000004              1.3999999999999999              1.3999999999999999
       0.10546875               1.0000000000000000              0.0000000000000000              1.0000000000000000              2.5000000000000004              1.3999999999999999              1.3999999999999999
       0.11328125               1.0000000000000000              0.0000000000000000              1.0000000000000000              2.5000000000000004              1.3999999999999999              1.3999999999999999
       0.12109375               1.0000000000000000              0.0000000000000000              1.0000000000000000              2.5000000000000004              1.3999999999999999              1.3999999999999999
       0.12890625               0.9999999999999998              0.0000000000000004              0.9999999999999996              2.4999999999999996              1.3999999999999999              1.3999999999999999
       0.13671875               0.9999999999999968              0.0000000000000037              0.9999999999999956              2.4999999999999893              1.3999999999999999              1.3999999999999999
       0.14453125               0.9999999999999669              0.0000000000000389              0.9999999999999539              2.4999999999998854              1.3999999999999999              1.3999999999999999
       0.15234375               0.9999999999996840              0.0000000000003740              0.9999999999995577              2.4999999999988947              1.3999999999999999              1.3999999999999999
       0.16015625               0.9999999999971598              0.0000000000033607              0.9999999999960236              2.4999999999900595              1.3999999999999999              1.3999999999999999
       0.16796875               0.9999999999760767              0.0000000000283064              0.9999999999665070              2.4999999999162683              1.3999999999999999              1.3999999999999999
       0.17578125               0.9999999998109542              0.0000000002236818              0.9999999997353356              2.4999999993383395              1.3999999999999999              1.3999999999999999
       0.18359375               0.9999999985966828              0.0000000016604275              0.9999999980353554              2.4999999950883889              1.3999999999999999              1.3999999999999999
       0.19140625               0.9999999901972381              0.0000000115987844              0.9999999862761337              2.4999999656903347              1.3999999999999999              1.3999999999999999
       0.19921875               0.9999999354241484              0.0000000764071771              0.9999999095938130              2.4999997739845332              1.3999999999999999              1.3999999999999999
       0.20703125               0.9999995977612357              0.0000004759353237              0.9999994368659006              2.4999985921647521              1.3999999999999999              1.3999999999999999
       0.21484375               0.9999976227298987              0.0000028128243402              0.9999966718273813              2.4999916795684540              1.3999999999999999              1.3999999999999999
       0.22265625               0.9999866073133320              0.0000158464654863              0.9999812504025815              2.4999531260064543              1.3999999999999999              1.3999999999999999
       0.23046875               0.9999276480596825              0.0000856090009939              0.9998987117598895              2.4997467793997248              1.3999999999999999              1.3999999999999999
       0.23828125               0.9996235727952816              0.0004454331829890              0.9994731118277480              2.4986827795693705              1.3999999999999999              1.3999999999999999
       0.24609375               0.9981117819864195              0.0022356989789286              0.9973586489127745              2.4933966222819368              1.3999999999999999              1.3999999999999999
       0.25390625               0.9929060270654807              0.0084199921812458              0.9900884436605386              2.4752211091513470              1.3999999999999999              1.3999999999999999
       0.26171875               0.9821586173906393              0.0212725466858360              0.9751302347566605              2.4378255868916514              1.3999999999999999              1.3999999999999999
       0.26953125               0.9657731058331381              0.0410888317648574              0.9524483992018201              2.3811209980045511              1.3999999999999999              1.3999999999999999
       0.27734375               0.9451766294067562              0.0663823252459265              0.9241480391592681              2.3103700978981707              1.3999999999999999              1.3999999999999999
       0.28515625               0.9221882697961619              0.0951352433730207              0.8928438683347617              2.2321096708369046              1.3999999999999999              1.3999999999999999
       0.29296875               0.8981719042623364              0.1257898686434203              0.8604653211314720              2.1511633028286803              1.3999999999999999              1.3999999999999999
       0.30078125               0.8738318236592515              0.1575292416158830              0.8280019038162817              2.0700047595407045              1.3999999999999999              1.3999999999999999
       0.30859375               0.8494452051564699              0.1900472686179995              0.7958352928223094              1.9895882320557736              1.3999999999999999              1.3999999999999999
       0.31640625               0.8253241144374781              0.2229493654305902              0.7643793639021063              1.9109484097552660              1.3999999999999999              1.3999999999999999
       0.32421875               0.8016559110935338              0.2559931179631530              0.7338662525265895              1.8346656313164742              1.3999999999999999              1.3999999999999999
       0.33203125               0.7785330595605208              0.2890365573951309              0.7044020324043905              1.7610050810109765              1.3999999999999999              1.3999999999999999
       0.33984375               0.7560131166607799              0.3219773356190029              0.6760441512057674              1.6901103780144189              1.3999999999999999              1.3999999999999999
       0.34765625               0.7341374590508926              0.3547463402701304              0.6488107276387549              1.6220268190968876              1.3999999999999999              1.3999999999999999
       0.35546875               0.7128988605770356              0.3872963166458839              0.6226952509292705              1.5567381273231766              1.3999999999999999              1.3999999999999999
       0.36328125               0.6923393954873696              0.4195925548120303              0.5976788414249895              1.4941971035624741              1.3999999999999999              1.3999999999999999
       0.37109375               0.6723913150382130              0.4516063227749050              0.5737363287072096              1.4343408217680245              1.3999999999999999              1.3999999999999999
       0.37890625               0.6531377413123540              0.4833098777895515              0.5508405434559031              1.3771013586397578              1.3999999999999999              1.3999999999999999
       0.38671875               0.6345037258097100              0.5146763865008482              0.5289628592312923              1.3224071480782309              1.3999999999999999              1.3999999999999999
       0.39453125               0.6164800903571900              0.5456779246629763              0.5080758799337640              1.2701896998344104              1.3999999999999999              1.3999999999999999
       0.40234375               0.5991358900946516              0.5762880172687711              0.4881502263634544              1.2203755659086364              1.3999999999999999              1.3999999999999999
       0.41015625               0.5824050568338187              0.6064847351832188              0.4691533748550167              1.1728834371375423              1.3999999999999999              1.3999999999999999
       0.41796875               0.5662289432885670              0.6362550272366445              0.4510489821969897              1.1276224554924745              1.3999999999999999              1.3999999999999999
       0.42578125               0.5506607882186919              0.6656023377071851              0.4337919884544135              1.0844799711360338              1.3999999999999999              1.3999999999999999
       0.43359375               0.5356896337512349              0.6945547708440907              0.4173247595394581              1.0433118988486456              1.3999999999999999              1.3999999999999999
       0.44140625               0.5211857407112184              0.7231706203872905              0.4015780756766321              1.0039451891915805              1.3999999999999999              1.3999999999999999
       0.44921875               0.5070633682251686              0.7515401952717188              0.3864732870655874              0.9661832176639686              1.3999999999999999              1.3999999999999999
       0.45703125               0.4933338319487126              0.7797803573180631              0.3719253069395160              0.9298132673487901              1.3999999999999999              1.3999999999999999
       0.46484375               0.4799735396297752              0.8080147435262067              0.3578527002915750              0.8946317507289376              1.3999999999999999              1.3999999999999999
       0.47265625               0.4668683610703648              0.8363284824658120              0.3442007154042504              0.8605017885106263              1.3999999999999999              1.3999999999999999
       0.48046875               0.4539689767458805              0.8646695414153015              0.3309846292946806              0.8274615732367019              1.3999999999999999              1.3999999999999999
       0.48828125               0.4415008135576939              0.8925640646828865              0.3184045458822569              0.7960113647056423              1.3999999999999999              1.3999999999999999
       0.49609375               0.4303926657645029              0.9179871170466123              0.3072773223338828              0.7681933058347072              1.3999999999999999              1.3999999999999999
       0.50390625               0.4236914667186517              0.9339224575756848              0.3004529403624865              0.7511323509062164              1.3999999999999999              1.3999999999999999
       0.51171875               0.4226174715633294              0.9364780937416521              0.2993774894272989              0.7484437235682475              1.3999999999999999              1.3999999999999999
       0.51953125               0.4248728342697873              0.9310966847971665              0.3016530056644444              0.7541325141611113              1.3999999999999999              1.3999999999999999
       0.52734375               0.4258768549872965              0.9284279161646342              0.3027860338788010              0.7569650846970027              1.3999999999999999              1.3999999999999999
       0.53515625               0.4259144086542289              0.9284420011107404              0.3027810666676098              0.7569526666690247              1.3999999999999999              1.3999999999999999
       0.54296875               0.4258531553780602              0.9287611148837398              0.3026471280202073              0.7566178200505183              1.3999999999999999              1.3999999999999999
       0.55078125               0.4258937313460490              0.9288112099202031              0.3026299365001551              0.7565748412503879              1.3999999999999999              1.3999999999999999
       0.55859375               0.4259747546603173              0.9285975358051065              0.3027228100956734              0.7568070252391836              1.3999999999999999              1.3999999999999999
       0.56640625               0.4259210971288326              0.9285781729789740              0.3027366613534783              0.7568416533836958              1.3999999999999999              1.3999999999999999
       0.57421875               0.4259867680463706              0.9282717267255097              0.3028760640812145              0.7571901602030364              1.3999999999999999              1.3999999999999999
       0.58203125               0.4260684512819778              0.9281926412046450              0.3029220362200608              0.7573050905501522              1.3999999999999999              1.3999999999999999
       0.58984375               0.4262826299093695              0.9279880908098351              0.3030179051437344              0.7575447628593361              1.3999999999999999              1.3999999999999999
       0.59765625               0.4263315644359825              0.9278318836034171              0.3030878803347721              0.7577197008369303              1.3999999999999999              1.3999999999999999
       0.60546875               0.4261619418771271              0.9278044251033454              0.3031008372282366              0.7577520930705918              1.3999999999999999              1.3999999999999999
       0.61328125               0.4258232015789865              0.9278853132885370              0.3030672960169032              0.7576682400422582              1.3999999999999999              1.3999999999999999
       0.62109375               0.4258488783725881              0.9277800728507279              0.3031134613996758              0.7577836534991895              1.3999999999999999              1.3999999999999999
       0.62890625               0.4263066513192660              0.9276955123509397              0.3031514947493834              0.7578787368734587              1.3999999999999999              1.3999999999999999
       0.63671875               0.4271600088303051              0.9276908473247402              0.3031594412767702              0.7578986031919257              1.3999999999999999              1.3999999999999999
       0.64453125               0.4273122428102232              0.9276554330739515              0.3031849755262333              0.7579624388155835              1.3999999999999999              1.3999999999999999
       0.65234375               0.4270415287760623              0.9276016666480096              0.3032248685512406              0.7580621713781016              1.3999999999999999              1.3999999999999999
       0.66015625               0.4245903120510922              0.9277583102249854              0.3031729591070089              0.7579323977675224              1.3999999999999999              1.3999999999999999
       0.66796875               0.4132740277072117              0.9278498864593270              0.3031579555779365              0.7578948889448415              1.3999999999999999              1.3999999999999999
       0.67578125               0.3880885015337107              0.9278591075849719              0.3031718042616655              0.7579295106541638              1.3999999999999999              1.3999999999999999
       0.68359375               0.3473596332628291              0.9278720147296623              0.3031827957369450              0.7579569893423627              1.3999999999999999              1.3999999999999999
       0.69140625               0.3029465303732467              0.9278842394761322              0.3031868308083890              0.7579670770209727              1.3999999999999999              1.3999999999999999
       0.69921875               0.2756470736116616              0.9277415275988262              0.3032395987614805              0.7580989969037013              1.3999999999999999              1.3999999999999999
       0.70703125               0.2653710818151634              0.9276557862184677              0.3032713866923579              0.7581784667308950              1.3999999999999999              1.3999999999999999
       0.71484375               0.2631260634906031              0.9277316365451269              0.3032486362092781              0.7581215905231955              1.3999999999999999              1.3999999999999999
       0.72265625               0.2628341522410416              0.9278193871740815              0.3032227459226742              0.7580568648066857              1.3999999999999999              1.3999999999999999
       0.73046875               0.2629070450789434              0.9278669433031264              0.3032185821245444              0.7580464553113612              1.3999999999999999              1.3999999999999999
       0.73828125               0.2638009403144663              0.9279536869846827              0.3032136268472943              0.7580340671182358              1.3999999999999999              1.3999999999999999
       0.74609375               0.2650599128041982              0.9280424385805122              0.3032222394930657              0.7580555987326643              1.3999999999999999              1.3999999999999999
       0.75390625               0.2654698550889442              0.9282520931419841              0.3032085933514566              0.7580214833786416              1.3999999999999999              1.3999999999999999
       0.76171875               0.2656276007250022              0.9281019917124200              0.3032977988624903              0.7582444971562258              1.3999999999999999              1.3999999999999999
       0.76953125               0.2657518709353274              0.9278082475397724              0.3034568951291171              0.7586422378227929              1.3999999999999999              1.3999999999999999
       0.77734375               0.2656874842921697              0.9282646408844170              0.3033633352677694              0.7584083381694238              1.3999999999999999              1.3999999999999999
       0.78515625               0.2657308649300281              0.9281533716141958              0.3034498416031723              0.7586246040079309              1.3999999999999999              1.3999999999999999
       0.79296875               0.2657151017858816              0.9282511331438328              0.3034706233187365              0.7586765582968413              1.3999999999999999              1.3999999999999999
       0.80078125               0.2656102422771438              0.9288219597016085              0.3033235311902671              0.7583088279756678              1.3999999999999999              1.3999999999999999
       0.80859375               0.2658912905750941              0.9275787818715432              0.3037722829945430              0.7594307074863575              1.3999999999999999              1.3999999999999999
       0.81640625               0.2653646405098362              0.9302155242203837              0.3029164551447551              0.7572911378618881              1.3999999999999999              1.3999999999999999
       0.82421875               0.2658082682729547              0.9285789704997932              0.3035899873482978              0.7589749683707449              1.3999999999999999              1.3999999999999999
       0.83203125               0.2660419151310353              0.9270517967499490              0.3039370109250824              0.7598425273127061              1.3999999999999999              1.3999999999999999
       0.83984375               0.2640348623178093              0.9259446582021582              0.3005947948933953              0.7514869872334885              1.3999999999999999              1.3999999999999999
       0.84765625               0.2372634554138380              0.7717174100242544              0.2604892134477527              0.6512230336193818              1.3999999999999999              1.3999999999999999
       0.85546875               0.1406643453111020              0.1444793231712377              0.1207199967055644              0.3017999917639111              1.3999999999999999              1.3999999999999999
       0.86328125               0.1252701134629730              0.0024051742751770              0.1003178546965307              0.2507946367413268              1.3999999999999999              1.3999999999999999
       0.87109375               0.1250024163630722              0.0000205438066286              0.1000027176199442              0.2500067940498605              1.3999999999999999              1.3999999999999999
       0.87890625               0.1250000197708785              0.0000001674325789              0.1000000221492436              0.2500000553731089              1.3999999999999999              1.3999999999999999
       0.88671875               0.1250000001632316              0.0000000013820079              0.1000000001828225              0.2500000004570562              1.3999999999999999              1.3999999999999999
       0.89453125               0.1250000000013373              0.0000000000113222              0.1000000000014978              0.2500000000037445              1.3999999999999999              1.3999999999999999
       0.90234375               0.1250000000000109              0.0000000000000921              0.1000000000000122              0.2500000000000306              1.3999999999999999              1.3999999999999999
       0.91015625               0.1250000000000001              0.0000000000000008              0.1000000000000001              0.2500000000000003              1.3999999999999999              1.3999999999999999
       0.91796875               0.1250000000000000              0.0000000000000000              0.1000000000000000              0.2500000000000001              1.3999999999999999              1.3999999999999999
       0.92578125               0.1250000000000000              0.0000000000000000              0.1000000000000000              0.2500000000000001              1.3999999999999999              1.3999999999999999
       0.93359375               0.1250000000000000              0.0000000000000000              0.1000000000000000              0.2500000000000001              1.3999999999999999              1.3999999999999999
       0.94140625               0.1250000000000000              0.0000000000000000              0.1000000000000000              0.2500000000000001              1.3999999999999999              1.3999999999999999
       0.94921875               0.1250000000000000              0.0000000000000000              0.1000000000000000              0.2500000000000001              1.3999999999999999              1.3999999999999999
       0.95703125               0.1250000000000000              0.0000000000000000              0.1000000000000000              0.2500000000000001              1.3999999999999999              1.3999999999999999
       0.96484375               0.1250000000000000              0.0000000000000000              0.1000000000000000              0.2500000000000001              1.3999999999999999              1.3999999999999999
       0.97265625               0.1250000000000000              0.0000000000000000              0.1000000000000000              0.2500000000000001              1.3999999999999999              1.3999999999999999
       0.98046875               0.1250000000000000              0.0000000000000000              0.1000000000000000              0.2500000000000001              1.3999999999999999              1.3999999999999999
       0.98828125               0.1250000000000000              0.0000000000000000              0.1000000000000000              0.2500000000000001              1.3999999999999999              1.3999999999999999
       0.99609375               0.1250000000000000              0.0000000000000000              0.1000000000000000              0.2500000000000001              1.3999999999999999              1.3999999999999999
