       0.00390625               0.9999999296404261             -1.9999999473477177              0.3999999605986413              0.9999999014966037              1.3999999999999999              1.3999999999999999
       0.01171875               0.9999992677385008             -1.9999994520257840              0.3999995899337914              0.9999989748344786              1.3999999999999999              1.3999999999999999
       0.01953125               0.9999945171890887             -1.9999958970431799              0.3999969296367666              0.9999923240919166              1.3999999999999999              1.3999999999999999
       0.02734375               0.9999683175126393             -1.9999762910201828              0.3999822581178284              0.9999556452945713              1.3999999999999999              1.3999999999999999
       0.03515625               0.9998532078428585             -1.9998901498714006              0.3999178021751826              0.9997945054379569              1.3999999999999999              1.3999999999999999
       0.04296875               0.9994406896703777             -1.9995814200179667              0.3996868597917086              0.9992171494792716              1.3999999999999999              1.3999999999999999
       0.05078125               0.9982157576540014             -1.9986643441723020              0.3990014869627583              0.9975037174068961              1.3999999999999999              1.3999999999999999
       0.05859375               0.9951674707309237             -1.9963795026872824              0.3972981306086054              0.9932453265215135              1.3999999999999999              1.3999999999999999
       0.06640625               0.9887457708948404             -1.9915516904571635              0.3937189536719179              0.9842973841797951              1.3999999999999999              1.3999999999999999
       0.07421875               0.9771625723853691             -1.9827870068446354              0.3872906819300443              0.9682267048251110              1.3999999999999999              1.3999999999999999
       0.08203125               0.9590082917527734             -1.9688892484894118              0.3772808120679127              0.9432020301697819              1.3999999999999999              1.3999999999999999
       0.08984375               0.9338204000818972             -1.9492594921041608              0.3635199707179276              0.9087999267948190              1.3999999999999999              1.3999999999999999
       0.09765625               0.9022280893771122             -1.9240290276746197              0.3464670534973578              0.8661676337433946              1.3999999999999999              1.3999999999999999
       0.10546875               0.8656272993283184             -1.8938904057130526              0.3270015774164263              0.8175039435410658              1.3999999999999999              1.3999999999999999
       0.11328125               0.8256662432918813             -1.8597850923062347              0.3061147221825247              0.7652868054563120              1.3999999999999999              1.3999999999999999
       0.12109375               0.7838238510304456             -1.8226174838082847              0.2846678530972365              0.7116696327430914              1.3999999999999999              1.3999999999999999
       0.12890625               0.7411708208509615             -1.7830541183011535              0.2632691066600901              0.6581727666502255              1.3999999999999999              1.3999999999999999
       0.13671875               0.6982317465076058             -1.7413449117802040              0.2422196120932686              0.6055490302331716              1.3999999999999999              1.3999999999999999
       0.14453125               0.6559446733491165             -1.6982183812548182              0.2219915670498570              0.5549789176246426              1.3999999999999999              1.3999999999999999
       0.15234375               0.6154045669857321             -1.6547531188021067              0.2030892835492297              0.5077232088730744              1.3999999999999999              1.3999999999999999
       0.16015625               0.5767544009972119             -1.6111529728112166              0.1855337295019462              0.4638343237548655              1.3999999999999999              1.3999999999999999
       0.16796875               0.5400156479626217             -1.5675167604885274              0.1692852155950409              0.4232130389876023              1.3999999999999999              1.3999999999999999
       0.17578125               0.5051638493935694             -1.5239044293229731              0.1542832418257841              0.3857081045644604              1.3999999999999999              1.3999999999999999
       0.18359375               0.4721501887177952             -1.4803528066992242              0.1404579699442200              0.3511449248605500              1.3999999999999999              1.3999999999999999
       0.19140625               0.4409143656931189             -1.4368852387901525              0.1277366541948876              0.3193416354872192              1.3999999999999999              1.3999999999999999
       0.19921875               0.4113918492131678             -1.3935171526838539              0.1160469118301527              0.2901172795753818              1.3999999999999999              1.3999999999999999
       0.20703125               0.3835186571840575             -1.3502590179898823              0.1053183906082264              0.2632959765205660              1.3999999999999999              1.3999999999999999
       0.21484375               0.3572346808982502             -1.3071179709272622              0.0954835437825808              0.2387088594564521              1.3999999999999999              1.3999999999999999
       0.22265625               0.3324680369861921             -1.2640987567374340              0.0864779897537536              0.2161949743843840              1.3999999999999999              1.3999999999999999
       0.23046875               0.3091345106938944             -1.2212038202364195              0.0782409337956374              0.1956023344890936              1.3999999999999999              1.3999999999999999
       0.23828125               0.2871579882352134             -1.1784338147316868              0.0707151877266568              0.1767879693166421              1.3999999999999999              1.3999999999999999
       0.24609375               0.2664652140063259             -1.1357870938331125              0.0638470313564263              0.1596175783910657              1.3999999999999999              1.3999999999999999
       0.25390625               0.2469842760409956             -1.0932593968601749              0.0575861437335396              0.1439653593338491              1.3999999999999999              1.3999999999999999
       0.26171875               0.2286448143439146             -1.0508436778062251              0.0518855379753893              0.1297138449384733              1.3999999999999999              1.3999999999999999
       0.26953125               0.2113790663940030             -1.0085301074244306              0.0467014828732321              0.1167537071830803              1.3999999999999999              1.3999999999999999
       0.27734375               0.1951232805916465             -0.9663063509796429              0.0419933974164389              0.1049834935410973              1.3999999999999999              1.3999999999999999
       0.28515625               0.1798190114009740             -0.9241582016877212              0.0377237125066721              0.0943092812666803              1.3999999999999999              1.3999999999999999
       0.29296875               0.1654136981859211             -0.8820706467805688              0.0338577102493943              0.0846442756234858              1.3999999999999999              1.3999999999999999
       0.30078125               0.1518599491086599             -0.8400294354906277              0.0303633586757615              0.0759083966894038              1.3999999999999999              1.3999999999999999
       0.30859375               0.1391132571700697             -0.7980230250080986              0.0272111617207596              0.0680279043018990              1.3999999999999999              1.3999999999999999
       0.31640625               0.1271285854312383             -0.7560448494861278              0.0243740587901169              0.0609351469752922              1.3999999999999999              1.3999999999999999
       0.32421875               0.1158569633504207             -0.7140958243782688              0.0218273808334401              0.0545684520836002              1.3999999999999999              1.3999999999999999
       0.33203125               0.1052433016200719             -0.6721866039191614              0.0195488127899756              0.0488720319749390              1.3999999999999999              1.3999999999999999
       0.33984375               0.0952257551689692             -0.6303413123577090              0.0175182326229998              0.0437955815574996              1.3999999999999999              1.3999999999999999
       0.34765625               0.0857337429671024             -0.5885990224939703              0.0157174557699585              0.0392936394248963              1.3999999999999999              1.3999999999999999
       0.35546875               0.0768100559809070             -0.5469789162875874              0.0141311943940850              0.0353279859852125              1.3999999999999999              1.3999999999999999
       0.36328125               0.0688148268573740             -0.5055538896497414              0.0127419169429374              0.0318547923573436              1.3999999999999999              1.3999999999999999
       0.37109375               0.0617380429708888             -0.4643978957564388              0.0115295564105728              0.0288238910264319              1.3999999999999999              1.3999999999999999
       0.37890625               0.0554872496529464             -0.4237085867227823              0.0104726781169892              0.0261816952924729              1.3999999999999999              1.3999999999999999
       0.38671875               0.0499861702852344             -0.3836704582877120              0.0095547635097208              0.0238869087743020              1.3999999999999999              1.3999999999999999
       0.39453125               0.0451687578564404             -0.3445211619153603              0.0087619681737236              0.0219049204343090              1.3999999999999999              1.3999999999999999
       0.40234375               0.0409778904015135             -0.3065637525826795              0.0080826978027052              0.0202067445067629              1.3999999999999999              1.3999999999999999
       0.41015625               0.0373638953672208             -0.2701576757032406              0.0075073011746493              0.0187682529366232              1.3999999999999999              1.3999999999999999
       0.41796875               0.0342819954932370             -0.2356949956472560              0.0070274476895804              0.0175686192239509              1.3999999999999999              1.3999999999999999
       0.42578125               0.0316896109841449             -0.2035507759934032              0.0066353155832301              0.0165882889580753              1.3999999999999999              1.3999999999999999
       0.43359375               0.0295443914384028             -0.1740057095356254              0.0063227824352334              0.0158069560880834              1.3999999999999999              1.3999999999999999
       0.44140625               0.0278033211728394             -0.1471638587814085              0.0060807907512450              0.0152019768781126              1.3999999999999999              1.3999999999999999
       0.44921875               0.0264230246155526             -0.1229034898707840              0.0058991474773124              0.0147478686932810              1.3999999999999999              1.3999999999999999
       0.45703125               0.0253608567236622             -0.1008913403307566              0.0057669443507483              0.0144173608768708              1.3999999999999999              1.3999999999999999
       0.46484375               0.0245757792164907             -0.0806595626362865              0.0056734928996503              0.0141837322491257              1.3999999999999999              1.3999999999999999
       0.47265625               0.0240281707376921             -0.0617102801076826              0.0056093723795667              0.0140234309489168              1.3999999999999999              1.3999999999999999
       0.48046875               0.0236786650824046             -0.0436023212690440              0.0055671554966236              0.0139178887415591              1.3999999999999999              1.3999999999999999
       0.48828125               0.0234869762166031             -0.0259934583074121              0.0055416250395033              0.0138540625987584              1.3999999999999999              1.3999999999999999
       0.49609375               0.0234117485062591             -0.0086388908403876              0.0055295966944738              0.0138239917361846              1.3999999999999999              1.3999999999999999
       0.50390625               0.0234117485062591              0.0086388908403876              0.0055295966944738              0.0138239917361846              1.3999999999999999              1.3999999999999999
       0.51171875               0.0234869762166031              0.0259934583074121              0.0055416250395033              0.0138540625987583              1.3999999999999999              1.3999999999999999
       0.51953125               0.0236786650824046              0.0436023212690439              0.0055671554966236              0.0139178887415591              1.3999999999999999              1.3999999999999999
       0.52734375               0.0240281707376921              0.0617102801076826              0.0056093723795667              0.0140234309489167              1.3999999999999999              1.3999999999999999
       0.53515625               0.0245757792164907              0.0806595626362866              0.0056734928996503              0.0141837322491257              1.3999999999999999              1.3999999999999999
       0.54296875               0.0253608567236622              0.1008913403307568              0.0057669443507483              0.0144173608768708              1.3999999999999999              1.3999999999999999
       0.55078125               0.0264230246155526              0.1229034898707842              0.0058991474773124              0.0147478686932810              1.3999999999999999              1.3999999999999999
       0.55859375               0.0278033211728394              0.1471638587814084              0.0060807907512450              0.0152019768781126              1.3999999999999999              1.3999999999999999
       0.56640625               0.0295443914384028              0.1740057095356252              0.0063227824352334              0.0158069560880834              1.3999999999999999              1.3999999999999999
       0.57421875               0.0316896109841449              0.2035507759934031              0.0066353155832301              0.0165882889580753              1.3999999999999999              1.3999999999999999
       0.58203125               0.0342819954932370              0.2356949956472562              0.0070274476895804              0.0175686192239509              1.3999999999999999              1.3999999999999999
       0.58984375               0.0373638953672207              0.2701576757032410              0.0075073011746493              0.0187682529366232              1.3999999999999999              1.3999999999999999
       0.59765625               0.0409778904015135              0.3065637525826795              0.0080826978027052              0.0202067445067629              1.3999999999999999              1.3999999999999999
       0.60546875               0.0451687578564404              0.3445211619153599              0.0087619681737236              0.0219049204343090              1.3999999999999999              1.3999999999999999
       0.61328125               0.0499861702852344              0.3836704582877116              0.0095547635097208              0.0238869087743020              1.3999999999999999              1.3999999999999999
       0.62109375               0.0554872496529464              0.4237085867227829              0.0104726781169892              0.0261816952924729              1.3999999999999999              1.3999999999999999
       0.62890625               0.0617380429708889              0.4643978957564392              0.0115295564105728              0.0288238910264319              1.3999999999999999              1.3999999999999999
       0.63671875               0.0688148268573742              0.5055538896497407              0.0127419169429375              0.0318547923573437              1.3999999999999999              1.3999999999999999
       0.64453125               0.0768100559809071              0.5469789162875879              0.0141311943940850              0.0353279859852125              1.3999999999999999              1.3999999999999999
       0.65234375               0.0857337429671023              0.5885990224939704              0.0157174557699585              0.0392936394248963              1.3999999999999999              1.3999999999999999
       0.66015625               0.0952257551689692              0.6303413123577087              0.0175182326229998              0.0437955815574996              1.3999999999999999              1.3999999999999999
       0.66796875               0.1052433016200717              0.6721866039191614              0.0195488127899756              0.0488720319749390              1.3999999999999999              1.3999999999999999
       0.67578125               0.1158569633504205              0.7140958243782694              0.0218273808334401              0.0545684520836002              1.3999999999999999              1.3999999999999999
       0.68359375               0.1271285854312382              0.7560448494861279              0.0243740587901168              0.0609351469752921              1.3999999999999999              1.3999999999999999
       0.69140625               0.1391132571700694              0.7980230250080990              0.0272111617207596              0.0680279043018989              1.3999999999999999              1.3999999999999999
       0.69921875               0.1518599491086598              0.8400294354906279              0.0303633586757615              0.0759083966894038              1.3999999999999999              1.3999999999999999
       0.70703125               0.1654136981859211              0.8820706467805690              0.0338577102493943              0.0846442756234858              1.3999999999999999              1.3999999999999999
       0.71484375               0.1798190114009739              0.9241582016877216              0.0377237125066721              0.0943092812666802              1.3999999999999999              1.3999999999999999
       0.72265625               0.1951232805916464              0.9663063509796430              0.0419933974164389              0.1049834935410972              1.3999999999999999              1.3999999999999999
       0.73046875               0.2113790663940029              1.0085301074244311              0.0467014828732320              0.1167537071830801              1.3999999999999999              1.3999999999999999
       0.73828125               0.2286448143439146              1.0508436778062253              0.0518855379753893              0.1297138449384733              1.3999999999999999              1.3999999999999999
       0.74609375               0.2469842760409958              1.0932593968601751              0.0575861437335396              0.1439653593338491              1.3999999999999999              1.3999999999999999
       0.75390625               0.2664652140063260              1.1357870938331132              0.0638470313564263              0.1596175783910658              1.3999999999999999              1.3999999999999999
       0.76171875               0.2871579882352135              1.1784338147316868              0.0707151877266568              0.1767879693166421              1.3999999999999999              1.3999999999999999
       0.76953125               0.3091345106938944              1.2212038202364195              0.0782409337956374              0.1956023344890936              1.3999999999999999              1.3999999999999999
       0.77734375               0.3324680369861920              1.2640987567374338              0.0864779897537536              0.2161949743843840              1.3999999999999999              1.3999999999999999
       0.78515625               0.3572346808982501              1.3071179709272622              0.0954835437825807              0.2387088594564518              1.3999999999999999              1.3999999999999999
       0.79296875               0.3835186571840575              1.3502590179898826              0.1053183906082263              0.2632959765205657              1.3999999999999999              1.3999999999999999
       0.80078125               0.4113918492131681              1.3935171526838539              0.1160469118301527              0.2901172795753817              1.3999999999999999              1.3999999999999999
       0.80859375               0.4409143656931190              1.4368852387901532              0.1277366541948874              0.3193416354872186              1.3999999999999999              1.3999999999999999
       0.81640625               0.4721501887177955              1.4803528066992242              0.1404579699442199              0.3511449248605499              1.3999999999999999              1.3999999999999999
       0.82421875               0.5051638493935694              1.5239044293229731              0.1542832418257841              0.3857081045644604              1.3999999999999999              1.3999999999999999
       0.83203125               0.5400156479626217              1.5675167604885276              0.1692852155950407              0.4232130389876019              1.3999999999999999              1.3999999999999999
       0.83984375               0.5767544009972122              1.6111529728112164              0.1855337295019463              0.4638343237548658              1.3999999999999999              1.3999999999999999
       0.84765625               0.6154045669857322              1.6547531188021067              0.2030892835492297              0.5077232088730744              1.3999999999999999              1.3999999999999999
       0.85546875               0.6559446733491163              1.6982183812548184              0.2219915670498568              0.5549789176246421              1.3999999999999999              1.3999999999999999
       0.86328125               0.6982317465076054              1.7413449117802036              0.2422196120932683              0.6055490302331710              1.3999999999999999              1.3999999999999999
       0.87109375               0.7411708208509618              1.7830541183011532              0.2632691066600901              0.6581727666502255              1.3999999999999999              1.3999999999999999
       0.87890625               0.7838238510304462              1.8226174838082843              0.2846678530972370              0.7116696327430925              1.3999999999999999              1.3999999999999999
       0.88671875               0.8256662432918813              1.8597850923062338              0.3061147221825254              0.7652868054563138              1.3999999999999999              1.3999999999999999
       0.89453125               0.8656272993283182              1.8938904057130521              0.3270015774164263              0.8175039435410660              1.3999999999999999              1.3999999999999999
       0.90234375               0.9022280893771117              1.9240290276746197              0.3464670534973577              0.8661676337433943              1.3999999999999999              1.3999999999999999
       0.91015625               0.9338204000818968              1.9492594921041608              0.3635199707179272              0.9087999267948184              1.3999999999999999              1.3999999999999999
       0.91796875               0.9590082917527735              1.9688892484894114              0.3772808120679131              0.9432020301697830              1.3999999999999999              1.3999999999999999
       0.92578125               0.9771625723853692              1.9827870068446354              0.3872906819300441              0.9682267048251103              1.3999999999999999              1.3999999999999999
       0.93359375               0.9887457708948404              1.9915516904571635              0.3937189536719179              0.9842973841797951              1.3999999999999999              1.3999999999999999
       0.94140625               0.9951674707309237              1.9963795026872824              0.3972981306086054              0.9932453265215135              1.3999999999999999              1.3999999999999999
       0.94921875               0.9982157576540014              1.9986643441723020              0.3990014869627583              0.9975037174068961              1.3999999999999999              1.3999999999999999
       0.95703125               0.9994406896703777              1.9995814200179667              0.3996868597917086              0.9992171494792716              1.3999999999999999              1.3999999999999999
       0.96484375               0.9998532078428585              1.9998901498714006              0.3999178021751826              0.9997945054379569              1.3999999999999999              1.3999999999999999
       0.97265625               0.9999683175126393              1.9999762910201828              0.3999822581178284              0.9999556452945713              1.3999999999999999              1.3999999999999999
       0.98046875               0.9999945171890887              1.9999958970431799              0.3999969296367666              0.9999923240919166              1.3999999999999999              1.3999999999999999
       0.98828125               0.9999992677385008              1.9999994520257840              0.3999995899337914              0.9999989748344786              1.3999999999999999              1.3999999999999999
       0.99609375               0.9999999296404261              1.9999999473477177              0.3999999605986413              0.9999999014966037              1.3999999999999999              1.3999999999999999
