       0.00390625               0.1542006777757081              0.0601167131202289             73.0077633065215394            182.5194082663038557              1.3999999999999999              1.3999999999999999
       0.01171875               0.1542295515789976              0.1800175361873652             73.0268601656551510            182.5671504141379273              1.3999999999999999              1.3999999999999999
       0.01953125               0.1542839063430428              0.2989739030374425             73.0652939544778235            182.6632348861945729              1.3999999999999999              1.3999999999999999
       0.02734375               0.1543630561704281              0.4164983909037437             73.1236668358762216            182.8091670896906180              1.3999999999999999              1.3999999999999999
       0.03515625               0.1544700227595268              0.5322265524128171             73.2030778157454165            183.0076945393635697              1.3999999999999999              1.3999999999999999
       0.04296875               0.1546103395237233              0.6458808446634906             73.3050514594513629            183.2626286486284641              1.3999999999999999              1.3999999999999999
       0.05078125               0.1547903845996813              0.7572846413999261             73.4311006892889253            183.5777517232223488              1.3999999999999999              1.3999999999999999
       0.05859375               0.1550118551134358              0.8664563489739121             73.5819935585127638            183.9549838962819308              1.3999999999999999              1.3999999999999999
       0.06640625               0.1552727850990831              0.9736954857345811             73.7570782535341039            184.3926956338353307              1.3999999999999999              1.3999999999999999
       0.07421875               0.1555686015847514              1.0795476778682933             73.9542123348060301            184.8855308370150965              1.3999999999999999              1.3999999999999999
       0.08203125               0.1559029849628870              1.1846258329375374             74.1705349824238169            185.4263374560595707              1.3999999999999999              1.3999999999999999
       0.08984375               0.1562804646914444              1.2893778259481241             74.4036040562943555            186.0090101407359100              1.3999999999999999              1.3999999999999999
       0.09765625               0.1566661020466055              1.3939486770657228             74.6520824134997127            186.6302060337493174              1.3999999999999999              1.3999999999999999
       0.10546875               0.1570721688780734              1.4982202694541435             74.9155498219973310            187.2888745549933560              1.3999999999999999              1.3999999999999999
       0.11328125               0.1574934482118349              1.6019542230455341             75.1936695188528290            187.9841737971321152              1.3999999999999999              1.3999999999999999
       0.12109375               0.1579164817011783              1.7049384102053338             75.4854225090791147            188.7135562726978435              1.3999999999999999              1.3999999999999999
       0.12890625               0.1583433134579825              1.8070382999898822             75.7891041311535361            189.4727603278838615              1.3999999999999999              1.3999999999999999
       0.13671875               0.1587911347801702              1.9081556813173572             76.1030843718757382            190.2577109296894093              1.3999999999999999              1.3999999999999999
       0.14453125               0.1592539625211953              2.0081751790229347             76.4266238543449674            191.0665596358624612              1.3999999999999999              1.3999999999999999
       0.15234375               0.1597272161964823              2.1069596650409621             76.7599298262675376            191.8998245656688937              1.3999999999999999              1.3999999999999999
       0.16015625               0.1602278771958366              2.2043581759594151             77.1032542506007843            192.7581356265019963              1.3999999999999999              1.3999999999999999
       0.16796875               0.1607731702091398              2.3001800830269090             77.4557069181974214            193.6392672954935676              1.3999999999999999              1.3999999999999999
       0.17578125               0.1613678691505007              2.3942838730346558             77.8154071339175317            194.5385178347938506              1.3999999999999999              1.3999999999999999
       0.18359375               0.1619862664725196              2.4868847573127799             78.1815121373044235            195.4537803432611156              1.3999999999999999              1.3999999999999999
       0.19140625               0.1625980095831815              2.5783275634525493             78.5539144547940111            196.3847861369850705              1.3999999999999999              1.3999999999999999
       0.19921875               0.1631927160203852              2.6689560983102281             78.9323277507653813            197.3308193769134959              1.3999999999999999              1.3999999999999999
       0.20703125               0.1637677304255714              2.7592799964571424             79.3158951120054212            198.2897377800135814              1.3999999999999999              1.3999999999999999
       0.21484375               0.1643288303364790              2.8496489138054550             79.7049954051164491            199.2624885127911796              1.3999999999999999              1.3999999999999999
       0.22265625               0.1648737151145749              2.9399377715241104             80.1023424632463161            200.2558561581158472              1.3999999999999999              1.3999999999999999
       0.23046875               0.1654087732545657              3.0301079780335276             80.5098983793687069            201.2747459484218098              1.3999999999999999              1.3999999999999999
       0.23828125               0.1659602158739452              3.1203684461291727             80.9274439473980891            202.3186098684952583              1.3999999999999999              1.3999999999999999
       0.24609375               0.1665340863451430              3.2110781634478673             81.3527207372434020            203.3818018431085477              1.3999999999999999              1.3999999999999999
       0.25390625               0.1671259529204063              3.3025792201417752             81.7826281364082348            204.4565703410206368              1.3999999999999999              1.3999999999999999
       0.26171875               0.1677433301787679              3.3949626349446285             82.2151976915364742            205.5379942288412565              1.3999999999999999              1.3999999999999999
       0.26953125               0.1683830140768803              3.4881902290802098             82.6499058320732303            206.6247645801831254              1.3999999999999999              1.3999999999999999
       0.27734375               0.1690271135207850              3.5826065701359697             83.0856856064108200            207.7142140160271140              1.3999999999999999              1.3999999999999999
       0.28515625               0.1696598388527755              3.6786765265045793             83.5217346000895162            208.8043365002238545              1.3999999999999999              1.3999999999999999
       0.29296875               0.1702950149824744              3.7764892407071189             83.9591329905760375            209.8978324764401293              1.3999999999999999              1.3999999999999999
       0.30078125               0.1709553599018087              3.8763304937262437             84.3975827989560088            210.9939569973900575              1.3999999999999999              1.3999999999999999
       0.30859375               0.1716287697558606              3.9790182944964929             84.8329216262828396            212.0823040657071488              1.3999999999999999              1.3999999999999999
       0.31640625               0.1722768091528279              4.0845971571716584             85.2603438710929709            213.1508596777324840              1.3999999999999999              1.3999999999999999
       0.32421875               0.1729017456413443              4.1921435818317700             85.6744731525494956            214.1861828813737816              1.3999999999999999              1.3999999999999999
       0.33203125               0.1735094788127561              4.3014203165768032             86.0755293749092374            215.1888234372731290              1.3999999999999999              1.3999999999999999
       0.33984375               0.1740886904960240              4.4124591629640717             86.4651595239768938            216.1628988099422770              1.3999999999999999              1.3999999999999999
       0.34765625               0.1746536392998578              4.5253184028885993             86.8445628113697694            217.1114070284244519              1.3999999999999999              1.3999999999999999
       0.35546875               0.1752263148677281              4.6400068073546921             87.2149148042293945            218.0372870105735217              1.3999999999999999              1.3999999999999999
       0.36328125               0.1757742128468283              4.7564573360489231             87.5775943444543259            218.9439858611358432              1.3999999999999999              1.3999999999999999
       0.37109375               0.1762655228647982              4.8747152053217624             87.9342679230604602            219.8356698076511861              1.3999999999999999              1.3999999999999999
       0.37890625               0.1766890254296116              4.9949258957460039             88.2858425022278936            220.7146062555697767              1.3999999999999999              1.3999999999999999
       0.38671875               0.1770248243986898              5.1173871093590853             88.6321902046526446            221.5804755116316755              1.3999999999999999              1.3999999999999999
       0.39453125               0.1772889559543103              5.2425656101238163             88.9726329409184444            222.4315823522961750              1.3999999999999999              1.3999999999999999
       0.40234375               0.1776066185892178              5.3709013841015034             89.3064972817275589            223.2662432043189540              1.3999999999999999              1.3999999999999999
       0.41015625               0.1779922542949453              5.5025059881970897             89.6338125908292511            224.0845314770731420              1.3999999999999999              1.3999999999999999
       0.41796875               0.1783092099436806              5.6369642900238173             89.9556163655100391            224.8890409137751192              1.3999999999999999              1.3999999999999999
       0.42578125               0.1785880975925866              5.7734329067057972             90.2739690472441509            225.6849226181104200              1.3999999999999999              1.3999999999999999
       0.43359375               0.1791035907715976              5.9110131744346122             90.5913865280550681            226.4784663201377271              1.3999999999999999              1.3999999999999999
       0.44140625               0.1799142040762287              6.0490026201147380             90.9101584219938559            227.2753960549847250              1.3999999999999999              1.3999999999999999
       0.44921875               0.1805373591133626              6.1870744230024144             91.2304299454016387            228.0760748635041466              1.3999999999999999              1.3999999999999999
       0.45703125               0.1808894604416482              6.3250231276715567             91.5500946954111470            228.8752367385279456              1.3999999999999999              1.3999999999999999
       0.46484375               0.1814879287771467              6.4628010900429844             91.8686641242388902            229.6716603105972752              1.3999999999999999              1.3999999999999999
       0.47265625               0.1829683872442498              6.6005293074553348             92.1872731187958152            230.4681827969895949              1.3999999999999999              1.3999999999999999
       0.48046875               0.1849074147910920              6.7383721074658380             92.5067373950662102            231.2668434876655965              1.3999999999999999              1.3999999999999999
       0.48828125               0.1863225669407877              6.8765155864894512             92.8266899485114863            232.0667248712787796              1.3999999999999999              1.3999999999999999
       0.49609375               0.1876273848149003              7.0151873367257993             93.1460207220987826            232.8650518052470204              1.3999999999999999              1.3999999999999999
       0.50390625               0.1907632394246647              7.1543742250351965             93.4666926934325062            233.6667317335813152              1.3999999999999999              1.3999999999999999
       0.51171875               0.1984144064965984              7.2944543114325162             93.7930228747869137            234.4825571869673126              1.3999999999999999              1.3999999999999999
       0.51953125               0.2114099919373199              7.4357428785811317             94.1326715970613321            235.3316789926533943              1.3999999999999999              1.3999999999999999
       0.52734375               0.2282096943299159              7.5785364884766695             94.4922116169323800            236.2305290423309998              1.3999999999999999              1.3999999999999999
       0.53515625               0.2447029303687656              7.7232866554784092             94.8721612993757049            237.1804032484392906              1.3999999999999999              1.3999999999999999
       0.54296875               0.2577485980704214              7.8703662024018906             95.2667628435798974            238.1669071089498004              1.3999999999999999              1.3999999999999999
       0.55078125               0.2692086833021302              8.0193729956141926             95.6691900668217841            239.1729751670545170              1.3999999999999999              1.3999999999999999
       0.55859375               0.2914550474277042              8.1688693802783821             96.0853063188682626            240.2132657971707204              1.3999999999999999              1.3999999999999999
       0.56640625               0.3616593085647760              8.3201307872822010             96.5507680452231227            241.3769201130578494              1.3999999999999999              1.3999999999999999
       0.57421875               0.4907307303933356              8.4721558029284427             97.1492969662170509            242.8732424155426770              1.3999999999999999              1.3999999999999999
       0.58203125               0.6654765614550685              8.6248819688309535             97.9569556842749591            244.8923892106874405              1.3999999999999999              1.3999999999999999
       0.58984375               0.8732999808379132              8.7782516843238287             99.0308373393296506            247.5770933483241834              1.3999999999999999              1.3999999999999999
       0.59765625               1.1007407800074791              8.9317630167155091            100.4111316081195895            251.0278290202990661              1.3999999999999999              1.3999999999999999
       0.60546875               1.3223041479057189              9.0858472751947073            102.0867618848804170            255.2169047122010568              1.3999999999999999              1.3999999999999999
       0.61328125               1.5213757380532964              9.2384092484494804            104.0242136932946266            260.0605342332366376              1.3999999999999999              1.3999999999999999
       0.62109375               1.6939283201404471              9.3888251662088145            106.1462516716858886            265.3656291792147499              1.3999999999999999              1.3999999999999999
       0.62890625               1.8306062524500415              9.5362453285944451            108.3809596827471182            270.9523992068678808              1.3999999999999999              1.3999999999999999
       0.63671875               1.9456427211914906              9.6692430696922571            111.0299126336952895            277.5747815842382806              1.3999999999999999              1.3999999999999999
       0.64453125               3.1257363172970862              5.5056161934593391            221.9054469531128291            554.7636173827822859              1.3999999999999999              1.3999999999999999
       0.65234375               4.6442351697066835              1.7623809940351058            366.7744155023912640            916.9360387559783021              1.3999999999999999              1.3999999999999999
       0.66015625               4.8214307449340170              1.8139959538033052            382.4585823127382582            956.1464557818458161              1.3999999999999999              1.3999999999999999
       0.66796875               4.4733254660410857              2.6064800533323904            345.8901765373871058            864.7254413434679918              1.3999999999999999              1.3999999999999999
       0.67578125               4.2127002558193816              3.2832483305857587            313.2844798687679599            783.2111996719200988              1.3999999999999999              1.3999999999999999
       0.68359375               4.1594938665942722              3.6325966148513968            299.6922407139967390            749.2306017849920181              1.3999999999999999              1.3999999999999999
       0.69140625               4.1127330022476176              4.0590371929158504            281.8220811812927309            704.5552029532319693              1.3999999999999999              1.3999999999999999
       0.69921875               4.0195169751393651              4.5201312142645040            256.3236772310503966            640.8091930776261052              1.3999999999999999              1.3999999999999999
       0.70703125               3.9378313981586435              4.8537482024194274            231.5807249254179965            578.9518123135451333              1.3999999999999999              1.3999999999999999
       0.71484375               3.9162502482285220              5.3396625727563549            209.5113313283024468            523.7783283207562590              1.3999999999999999              1.3999999999999999
       0.72265625               4.0602520114777310              6.0057492117075189            188.4066323455209329            471.0165808638024032              1.3999999999999999              1.3999999999999999
       0.73046875               4.3304631140996674              6.6442639700286277            175.0491801315919247            437.6229503289799254              1.3999999999999999              1.3999999999999999
       0.73828125               4.4153583682479907              7.4192318880795174            161.6873542242425401            404.2183855606064071              1.3999999999999999              1.3999999999999999
       0.74609375               4.4444791383722251              8.1650685827433183            148.5396548524504112            371.3491371311260991              1.3999999999999999              1.3999999999999999
       0.75390625               4.4484265619705683              8.8423619827201438            137.6599017874729896            344.1497544686825449              1.3999999999999999              1.3999999999999999
       0.76171875               4.4518543073618559              9.5478696848715110            128.7736937684507268            321.9342344211268596              1.3999999999999999              1.3999999999999999
       0.76953125               4.4687912555543345             10.2143986969630198            122.3431226498655207            305.8578066246639082              1.3999999999999999              1.3999999999999999
       0.77734375               4.4031948463540411             10.7112973003317293            116.6628195578245055            291.6570488945613420              1.3999999999999999              1.3999999999999999
       0.78515625               4.2495416218369435             11.0748290958741560            111.4854176432318980            278.7135441080798159              1.3999999999999999              1.3999999999999999
       0.79296875               3.9497469543999886             11.3776533896352650            107.4223246836048418            268.5558117090121755              1.3999999999999999              1.3999999999999999
       0.80078125               3.3780916176615623             11.6818494871931673            105.2695592937063935            263.1738982342660051              1.3999999999999999              1.3999999999999999
       0.80859375               2.5037445329103618             12.0491937958289643            105.1838684463072013            262.9596711157680602              1.3999999999999999              1.3999999999999999
       0.81640625               1.6754757275281960             12.4984379656234044            106.1556833395748356            265.3892083489371316              1.3999999999999999              1.3999999999999999
       0.82421875               1.1899598675887098             13.0283565674338053            107.4621180329071422            268.6552950822679122              1.3999999999999999              1.3999999999999999
       0.83203125               0.9626744925057856             13.5877313800316486            109.0395389538497426            272.5988473846244347              1.3999999999999999              1.3999999999999999
       0.83984375               0.8892513458602437             14.1346629483656976            110.9436356230892358            277.3590890577231676              1.3999999999999999              1.3999999999999999
       0.84765625               0.8781028498258390             14.7627220933089944            113.3089134995894369            283.2722837489736776              1.3999999999999999              1.3999999999999999
       0.85546875               0.8968223245091523             15.2826560653371555            117.1960838172549302            292.9902095431373823              1.3999999999999999              1.3999999999999999
       0.86328125               0.9083010901248763             15.3007157583158282            117.0413857280177155            292.6034643200443952              1.3999999999999999              1.3999999999999999
       0.87109375               0.7310023440776108             12.2651716882868964             84.6820851542089912            211.7052128855225135              1.3999999999999999              1.3999999999999999
       0.87890625               0.3412414014594077              1.6850863256100177             23.8000411767473636             59.5001029418684269              1.3999999999999999              1.3999999999999999
       0.88671875               0.3034349553308073              0.0182239998246413             18.8318817896174195             47.0797044740435595              1.3999999999999999              1.3999999999999999
       0.89453125               0.3043386917599264              0.0140983060039142             18.8990176068945495             47.2475440172363861              1.3999999999999999              1.3999999999999999
       0.90234375               0.3049427460028669              0.0326823955508883             18.9474870973142835             47.3687177432857212              1.3999999999999999              1.3999999999999999
       0.91015625               0.3050906306610160              0.0526361214747454             18.9611353365386357             47.4028383413466017              1.3999999999999999              1.3999999999999999
       0.91796875               0.3050921830944430              0.0657479522249220             18.9639879591760909             47.4099698979402433              1.3999999999999999              1.3999999999999999
       0.92578125               0.3050693490100984              0.0710013284860705             18.9710007998787127             47.4275019996967870              1.3999999999999999              1.3999999999999999
       0.93359375               0.3050799827186296              0.0714634965968670             18.9802294043566739             47.4505735108916866              1.3999999999999999              1.3999999999999999
       0.94140625               0.3052033991692784              0.0677891778979497             18.9972246690463962             47.4930616726160011              1.3999999999999999              1.3999999999999999
       0.94921875               0.3053932529943825              0.0602319384252488             19.0157735913777941             47.5394339784444995              1.3999999999999999              1.3999999999999999
       0.95703125               0.3055823733112766              0.0510270138173087             19.0319079082874261             47.5797697707185776              1.3999999999999999              1.3999999999999999
       0.96484375               0.3058372597078899              0.0401518482308354             19.0482188484160808             47.6205471210402109              1.3999999999999999              1.3999999999999999
       0.97265625               0.3060913457208230              0.0303252690948573             19.0627932534702680             47.6569831336756806              1.3999999999999999              1.3999999999999999
       0.98046875               0.3062962531558860              0.0222858227134229             19.0724937585749608             47.6812343964374179              1.3999999999999999              1.3999999999999999
       0.98828125               0.3063867015543603              0.0144385141786122             19.0775054891996803             47.6937637229992148              1.3999999999999999              1.3999999999999999
       0.99609375               0.3064147162334046              0.0050671636187114             19.0793884894889345             47.6984712237223434              1.3999999999999999              1.3999999999999999
