       0.00390625               0.1529106559773356              0.0705654245516303             72.1809253123675347            180.4523132809189008              1.3999999999999999              1.3999999999999999
       0.01171875               0.1529395622066982              0.2112875690547233             72.2005658747125239            180.5014146867813167              1.3999999999999999              1.3999999999999999
       0.01953125               0.1530017232160906              0.3505342967783139             72.2434921818254594            180.6087304545636982              1.3999999999999999              1.3999999999999999
       0.02734375               0.1531047444544365              0.4866664771681946             72.3150252156942059            180.7875630392355504              1.3999999999999999              1.3999999999999999
       0.03515625               0.1532488340039756              0.6175138856637045             72.4196660418939047            181.0491651047347830              1.3999999999999999              1.3999999999999999
       0.04296875               0.1534519347150683              0.7408111431308259             72.5596983067798504            181.3992457669496616              1.3999999999999999              1.3999999999999999
       0.05078125               0.1537218986492733              0.8548992616360713             72.7355548045111675            181.8388870112779614              1.3999999999999999              1.3999999999999999
       0.05859375               0.1540388946276550              0.9593307433853528             72.9464569921969144            182.3661424804923286              1.3999999999999999              1.3999999999999999
       0.06640625               0.1544101003401570              1.0551851862781938             73.1901190797218817            182.9752976993047753              1.3999999999999999              1.3999999999999999
       0.07421875               0.1548515783858500              1.1449854454077797             73.4620160794910362            183.6550401987276473              1.3999999999999999              1.3999999999999999
       0.08203125               0.1553303449026132              1.2319687064505995             73.7551857336231365            184.3879643340578696              1.3999999999999999              1.3999999999999999
       0.08984375               0.1558201146418713              1.3188489483655566             74.0615370456059168            185.1538426140148488              1.3999999999999999              1.3999999999999999
       0.09765625               0.1563136901709682              1.4068354399778911             74.3745194869239157            185.9362987173098247              1.3999999999999999              1.3999999999999999
       0.10546875               0.1567909062459306              1.4955874020640461             74.6908179333978950            186.7270448334947730              1.3999999999999999              1.3999999999999999
       0.11328125               0.1572654874957068              1.5840974961723033             75.0094504815597674            187.5236262038994823              1.3999999999999999              1.3999999999999999
       0.12109375               0.1577296748715954              1.6718114811217419             75.3296444641970169            188.3241111604925777              1.3999999999999999              1.3999999999999999
       0.12890625               0.1581636971028815              1.7591311756408061             75.6500280418130728            189.1250701045327389              1.3999999999999999              1.3999999999999999
       0.13671875               0.1585884030501196              1.8469952877919413             75.9699716234673303            189.9249290586683685              1.3999999999999999              1.3999999999999999
       0.14453125               0.1590315969678667              1.9360854959035405             76.2912317378211071            190.7280793445528388              1.3999999999999999              1.3999999999999999
       0.15234375               0.1594928367257469              2.0264646360588041             76.6176396491117089            191.5440991227793290              1.3999999999999999              1.3999999999999999
       0.16015625               0.1599756000421402              2.1178788195238805             76.9528676031148535            192.3821690077871551              1.3999999999999999              1.3999999999999999
       0.16796875               0.1605066992428331              2.2102399659170286             77.2983643093331096            193.2459107733328096              1.3999999999999999              1.3999999999999999
       0.17578125               0.1611176767065764              2.3037475276668693             77.6533090408466506            194.1332726021166764              1.3999999999999999              1.3999999999999999
       0.18359375               0.1617660100130648              2.3986212357611425             78.0163335539384803            195.0408338848462506              1.3999999999999999              1.3999999999999999
       0.19140625               0.1624031799188448              2.4948401685363808             78.3871587239240597            195.9678968098101848              1.3999999999999999              1.3999999999999999
       0.19921875               0.1629986959866314              2.5921454790380176             78.7667253959764935            196.9168134899412905              1.3999999999999999              1.3999999999999999
       0.20703125               0.1635541581062384              2.6902446889160578             79.1560805235426557            197.8902013088566605              1.3999999999999999              1.3999999999999999
       0.21484375               0.1640647094021123              2.7889602815267587             79.5553619838470780            198.8884049596177306              1.3999999999999999              1.3999999999999999
       0.22265625               0.1645627059202748              2.8882230520332066             79.9636295556218357            199.9090738890546390              1.3999999999999999              1.3999999999999999
       0.23046875               0.1650812403269031              2.9879674571888342             80.3792929771417590            200.9482324428544473              1.3999999999999999              1.3999999999999999
       0.23828125               0.1656197816361461              3.0880124806138811             80.8007121119983225            202.0017802799958417              1.3999999999999999              1.3999999999999999
       0.24609375               0.1662016968911645              3.1879666202565100             81.2268952666979089            203.0672381667448292              1.3999999999999999              1.3999999999999999
       0.25390625               0.1668649820722070              3.2874189345858036             81.6570226042406802            204.1425565106017643              1.3999999999999999              1.3999999999999999
       0.26171875               0.1675985599077883              3.3864001748467341             82.0886192348848454            205.2215480872121418              1.3999999999999999              1.3999999999999999
       0.26953125               0.1683333032571663              3.4848688982813076             82.5198798473841322            206.2996996184603518              1.3999999999999999              1.3999999999999999
       0.27734375               0.1690642563899956              3.5827955762948167             82.9496857745842249            207.3742144364605906              1.3999999999999999              1.3999999999999999
       0.28515625               0.1697730263336619              3.6803551149969418             83.3771904901207535            208.4429762253019192              1.3999999999999999              1.3999999999999999
       0.29296875               0.1704111603737811              3.7778538940050139             83.8023191238752503            209.5057978096881754              1.3999999999999999              1.3999999999999999
       0.30078125               0.1710086041684637              3.8756847338701732             84.2259184534433132            210.5647961336083256              1.3999999999999999              1.3999999999999999
       0.30859375               0.1715862166501697              3.9743080020377599             84.6492925377889378            211.6232313444724014              1.3999999999999999              1.3999999999999999
       0.31640625               0.1721155925007793              4.0742141858632168             85.0734088158430382            212.6835220396076522              1.3999999999999999              1.3999999999999999
       0.32421875               0.1725979014183598              4.1758437715432848             85.4984672328616284            213.7461680821541563              1.3999999999999999              1.3999999999999999
       0.33203125               0.1731153974062806              4.2795216305054318             85.9239972394892675            214.8099930987231971              1.3999999999999999              1.3999999999999999
       0.33984375               0.1737140215008833              4.3854539235457191             86.3490225652776360            215.8725564131941326              1.3999999999999999              1.3999999999999999
       0.34765625               0.1743967543050771              4.4937756769779007             86.7721494821113737            216.9303737052784982              1.3999999999999999              1.3999999999999999
       0.35546875               0.1751620187017816              4.6045634001406386             87.1919435069936952            217.9798587674842736              1.3999999999999999              1.3999999999999999
       0.36328125               0.1758974147354684              4.7177984306406247             87.6073185237028440            219.0182963092571526              1.3999999999999999              1.3999999999999999
       0.37109375               0.1764912672928782              4.8333985956202508             88.0175236890940482            220.0438092227351774              1.3999999999999999              1.3999999999999999
       0.37890625               0.1768824282063780              4.9513073754899564             88.4217257286641001            221.0543143216602857              1.3999999999999999              1.3999999999999999
       0.38671875               0.1772249018005855              5.0716021706029961             88.8185420929283822            222.0463552323209910              1.3999999999999999              1.3999999999999999
       0.39453125               0.1776990245407735              5.1944892076327811             89.2059687165950805            223.0149217914877795              1.3999999999999999              1.3999999999999999
       0.40234375               0.1782557875765276              5.3201610022991597             89.5816559181994450            223.9541397954986337              1.3999999999999999              1.3999999999999999
       0.41015625               0.1787918098511217              5.4485973649537671             89.9439241162722141            224.8598102906805991              1.3999999999999999              1.3999999999999999
       0.41796875               0.1790435071433933              5.5794473985290791             90.2926093095962585            225.7315232739907174              1.3999999999999999              1.3999999999999999
       0.42578125               0.1790348850278470              5.7122318725186823             90.6289776882772031            226.5724442206930576              1.3999999999999999              1.3999999999999999
       0.43359375               0.1788929749296314              5.8465431443804219             90.9554186028400409            227.3885465071001590              1.3999999999999999              1.3999999999999999
       0.44140625               0.1786758299339100              5.9821443765038893             91.2747798580696070            228.1869496451740815              1.3999999999999999              1.3999999999999999
       0.44921875               0.1785068517180881              6.1189979705587856             91.5896570781898589            228.9741426954747112              1.3999999999999999              1.3999999999999999
       0.45703125               0.1784465403310705              6.2572068389711335             91.9018175745732009            229.7545439364330093              1.3999999999999999              1.3999999999999999
       0.46484375               0.1785339859428086              6.3967891498527276             92.2124477053701526            230.5311192634254667              1.3999999999999999              1.3999999999999999
       0.47265625               0.1789036664210290              6.5375789926606025             92.5225825924319309            231.3064564810798913              1.3999999999999999              1.3999999999999999
       0.48046875               0.1792901108500464              6.6793695157761261             92.8320777881914410            232.0801944704786592              1.3999999999999999              1.3999999999999999
       0.48828125               0.1803556942894826              6.8220522234254606             93.1398810693039110            232.8497026732598556              1.3999999999999999              1.3999999999999999
       0.49609375               0.1847815723577877              6.9656228428046019             93.4484665735191697            233.6211664337979528              1.3999999999999999              1.3999999999999999
       0.50390625               0.1912402797299972              7.1099081695533926             93.7620974059115042            234.4052435147787889              1.3999999999999999              1.3999999999999999
       0.51171875               0.1973708655825009              7.2551697716817038             94.0799648419258858            235.1999121048147856              1.3999999999999999              1.3999999999999999
       0.51953125               0.2034962290736587              7.4015030431815347             94.4010518043050411            236.0026295107626595              1.3999999999999999              1.3999999999999999
       0.52734375               0.2115278962498126              7.5487281227941949             94.7278145771002187            236.8195364427506036              1.3999999999999999              1.3999999999999999
       0.53515625               0.2215464844059969              7.6969946407392982             95.0621607153320269            237.6554017883301242              1.3999999999999999              1.3999999999999999
       0.54296875               0.2301440227307267              7.8462606471649190             95.4036952569978354            238.5092381424946666              1.3999999999999999              1.3999999999999999
       0.55078125               0.2355346364226500              7.9956050398520002             95.7526543801007222            239.3816359502518765              1.3999999999999999              1.3999999999999999
       0.55859375               0.2482331110480419              8.1446890216988095             96.1074346759565259            240.2685866898913787              1.3999999999999999              1.3999999999999999
       0.56640625               0.3193595350225467              8.2960103093937683             96.5065324373855162            241.2663310934638616              1.3999999999999999              1.3999999999999999
       0.57421875               0.4683459045299256              8.4477746785584262             97.0679663067856069            242.6699157669640670              1.3999999999999999              1.3999999999999999
       0.58203125               0.6590997156043850              8.6000978212488697             97.8724405507987001            244.6811013769967929              1.3999999999999999              1.3999999999999999
       0.58984375               0.8700146835660389              8.7532624550480929             98.9581377651836647            247.3953444129592469              1.3999999999999999              1.3999999999999999
       0.59765625               1.0886472014417639              8.9075370070129374            100.3343654179440989            250.8359135448602899              1.3999999999999999              1.3999999999999999
       0.60546875               1.3055221299732462              9.0624445166915315            101.9938880474141030            254.9847201185353072              1.3999999999999999              1.3999999999999999
       0.61328125               1.5109767036338582              9.2174629767830645            103.9015050724095346            259.7537626810238862              1.3999999999999999              1.3999999999999999
       0.62109375               1.6980887732969858              9.3720760658862723            106.0063993101267954            265.0159982753170311              1.3999999999999999              1.3999999999999999
       0.62890625               1.8523746388775668              9.5308219291269722            108.4123886493080988            271.0309716232703181              1.3999999999999999              1.3999999999999999
       0.63671875               1.9876402840272698              9.6648810937995915            110.7179750912697500            276.7949377281744319              1.3999999999999999              1.3999999999999999
       0.64453125               3.3414206999908567              5.2379999064561096            235.6156707873506662            589.0391769683767507              1.3999999999999999              1.3999999999999999
       0.65234375               4.8328444847857845              1.7254892378816038            377.1310972783409738            942.8277431958526904              1.3999999999999999              1.3999999999999999
       0.66015625               4.8945263375437165              1.9105978678274782            383.7119955799321360            959.2799889498305674              1.3999999999999999              1.3999999999999999
       0.66796875               4.4700912829357646              2.8925757627400239            339.7136702815726608            849.2841757039318509              1.3999999999999999              1.3999999999999999
       0.67578125               4.2975075805377161              3.3395971235997473            317.1171442119567701            792.7928605298920957              1.3999999999999999              1.3999999999999999
       0.68359375               4.2441905418781447              3.5633869015599888            306.5436686389098782            766.3591715972747807              1.3999999999999999              1.3999999999999999
       0.69140625               4.1194662034971508              4.0829441116740171            282.9985647193988143            707.4964117984973200              1.3999999999999999              1.3999999999999999
       0.69921875               3.9302773910969329              4.6165539327005005            256.6393591180030285            641.5983977950077133              1.3999999999999999              1.3999999999999999
       0.70703125               3.8206669685833625              5.0026266496747498            232.7881678924554478            581.9704197311388043              1.3999999999999999              1.3999999999999999
       0.71484375               3.7972002978952881              5.4790627049053411            208.4868756897493824            521.2171892243735556              1.3999999999999999              1.3999999999999999
       0.72265625               3.9915365334175732              6.0759901784980306            187.7274809415903576            469.3187023539760503              1.3999999999999999              1.3999999999999999
       0.73046875               4.2508705824823219              6.7498009543486965            172.3935190331123408            430.9837975827809942              1.3999999999999999              1.3999999999999999
       0.73828125               4.3995387941735373              7.5468251164513900            160.0445945637571299            400.1114864093929100              1.3999999999999999              1.3999999999999999
       0.74609375               4.4416045421827901              8.3026906557707303            147.2661307594640334            368.1653268986601688              1.3999999999999999              1.3999999999999999
       0.75390625               4.4470822952579097              8.9817449371853684            134.8870015145581078            337.2175037863953548              1.3999999999999999              1.3999999999999999
       0.76171875               4.4767135652473948              9.6218270438511002            125.5465964562031900            313.8664911405080602              1.3999999999999999              1.3999999999999999
       0.76953125               4.5618170717418201             10.2285324378766713            119.6481946019435725            299.1204865048590023              1.3999999999999999              1.3999999999999999
       0.77734375               4.5785699659745838             10.7346693869953622            115.4489783967046321            288.6224459917616514              1.3999999999999999              1.3999999999999999
       0.78515625               4.4595699693375908             11.0856754588218198            111.2938832697779361            278.2347081744449042              1.3999999999999999              1.3999999999999999
       0.79296875               4.1037401609912196             11.3211473004222807            107.3620708792497567            268.4051771981244201              1.3999999999999999              1.3999999999999999
       0.80078125               3.3076955674030790             11.5714124433247125            104.9699231597263491            262.4248078993159083              1.3999999999999999              1.3999999999999999
       0.80859375               2.3576176130003064             11.9266137529890628            104.7056886983493484            261.7642217458734422              1.3999999999999999              1.3999999999999999
       0.81640625               1.5448515186382814             12.3716718107211303            105.7332820760048975            264.3332051900122792              1.3999999999999999              1.3999999999999999
       0.82421875               1.0321086551288456             12.8869135735845646            106.9299185825549898            267.3247964563875030              1.3999999999999999              1.3999999999999999
       0.83203125               0.8682932104993374             13.4454726144188310            107.8805651723651664            269.7014129309129657              1.3999999999999999              1.3999999999999999
       0.83984375               0.8540632860349368             13.9817421334314638            108.8200460686751256            272.0501151716878780              1.3999999999999999              1.3999999999999999
       0.84765625               0.8626850511670374             14.5078991340419030            110.4138699348101795            276.0346748370255341              1.3999999999999999              1.3999999999999999
       0.85546875               0.8986520638115771             15.0582082991262656            114.3230058505832574            285.8075146264582145              1.3999999999999999              1.3999999999999999
       0.86328125               0.9190856370328848             15.2284197775522081            115.8042726563585489            289.5106816408963937              1.3999999999999999              1.3999999999999999
       0.87109375               0.7733824524616442             12.8177325620355376             90.8907096620610275            227.2267741551526399              1.3999999999999999              1.3999999999999999
       0.87890625               0.3520321963171466              2.0100948406832497             25.2000089182331664             63.0000222955829301              1.3999999999999999              1.3999999999999999
       0.88671875               0.3046720416608242              0.0298931902084061             18.9403709445980297             47.3509273614950885              1.3999999999999999              1.3999999999999999
       0.89453125               0.3051789046706695              0.0431413055074136             18.9814819820213607             47.4537049550534178              1.3999999999999999              1.3999999999999999
       0.90234375               0.3055067938686450              0.0612185639457203             19.0094895004449249             47.5237237511123283              1.3999999999999999              1.3999999999999999
       0.91015625               0.3055493771412127              0.0699611173495476             19.0136423289746297             47.5341058224365867              1.3999999999999999              1.3999999999999999
       0.91796875               0.3056159556760608              0.0726211067893382             19.0198307294002547             47.5495768235006508              1.3999999999999999              1.3999999999999999
       0.92578125               0.3057595085038241              0.0692726258718654             19.0319835545974456             47.5799588864936283              1.3999999999999999              1.3999999999999999
       0.93359375               0.3060405048993332              0.0608656524442232             19.0550628001147437             47.6376570002868718              1.3999999999999999              1.3999999999999999
       0.94140625               0.3062430542079186              0.0532705024910133             19.0713004530298349             47.6782511325746015              1.3999999999999999              1.3999999999999999
       0.94921875               0.3063516609265663              0.0464072944480042             19.0819481204855812             47.7048703012139654              1.3999999999999999              1.3999999999999999
       0.95703125               0.3064595557644059              0.0392903489475498             19.0949292852592833             47.7373232131482226              1.3999999999999999              1.3999999999999999
       0.96484375               0.3066207236837254              0.0319949534164344             19.1106678625228277             47.7766696563070852              1.3999999999999999              1.3999999999999999
       0.97265625               0.3067953565278582              0.0249011649873302             19.1240532384769395             47.8101330961923594              1.3999999999999999              1.3999999999999999
       0.98046875               0.3069041053560772              0.0176129348007092             19.1330248270229362             47.8325620675573546              1.3999999999999999              1.3999999999999999
       0.98828125               0.3069534305314913              0.0102671922532370             19.1378551585927958             47.8446378964819985              1.3999999999999999              1.3999999999999999
       0.99609375               0.3069745294378870              0.0033312412927094             19.1398985964996768             47.8497464912492063              1.3999999999999999              1.3999999999999999
