       0.00390625               0.1535372941376421              0.0703769091633087             72.5787907704775961            181.4469769261940257              1.3999999999999999              1.3999999999999999
       0.01171875               0.1535668544863760              0.2102042826197536             72.5982503173710541            181.4956257934276778              1.3999999999999999              1.3999999999999999
       0.01953125               0.1536233017535287              0.3473534800423977             72.6373973610802466            181.5934934027006591              1.3999999999999999              1.3999999999999999
       0.02734375               0.1537054595299016              0.4803383626938881             72.6971318164429050            181.7428295411073123              1.3999999999999999              1.3999999999999999
       0.03515625               0.1538197445002587              0.6080219686328777             72.7794492633065602            181.9486231582664288              1.3999999999999999              1.3999999999999999
       0.04296875               0.1539692499611553              0.7296393861095237             72.8872207072600418            182.2180517681501613              1.3999999999999999              1.3999999999999999
       0.05078125               0.1541738540707795              0.8448215965260337             73.0230725213632184            182.5576813034080885              1.3999999999999999              1.3999999999999999
       0.05859375               0.1544145404937497              0.9536397293911993             73.1878121613065815            182.9695304032664751              1.3999999999999999              1.3999999999999999
       0.06640625               0.1547014973085230              1.0566276103399515             73.3794312949258654            183.4485782373147060              1.3999999999999999              1.3999999999999999
       0.07421875               0.1550252193454293              1.1546909352010331             73.5934997107718658            183.9837492769297000              1.3999999999999999              1.3999999999999999
       0.08203125               0.1553976983622609              1.2489366455673299             73.8248642332163882            184.5621605830410203              1.3999999999999999              1.3999999999999999
       0.08984375               0.1557855362649182              1.3404989884438827             74.0696408252589720            185.1741020631474726              1.3999999999999999              1.3999999999999999
       0.09765625               0.1562105662049871              1.4304551372331273             74.3263541902399538            185.8158854755999130              1.3999999999999999              1.3999999999999999
       0.10546875               0.1566322780417260              1.5197757569104768             74.5956490821885723            186.4891227054714591              1.3999999999999999              1.3999999999999999
       0.11328125               0.1570515193557736              1.6092916064076701             74.8790284929571044            187.1975712323927894              1.3999999999999999              1.3999999999999999
       0.12109375               0.1574988032919528              1.6995745357120846             75.1778095058823652            187.9445237647059344              1.3999999999999999              1.3999999999999999
       0.12890625               0.1579445419347054              1.7907190372089457             75.4929962029243882            188.7324905073109846              1.3999999999999999              1.3999999999999999
       0.13671875               0.1583732717656788              1.8822186510150822             75.8258148159127643            189.5645370397819818              1.3999999999999999              1.3999999999999999
       0.14453125               0.1588477762690232              1.9733926090441183             76.1770034824759676            190.4425087061899831              1.3999999999999999              1.3999999999999999
       0.15234375               0.1593695797475322              2.0642549595825148             76.5443284589788391            191.3608211474471261              1.3999999999999999              1.3999999999999999
       0.16015625               0.1598892302363556              2.1556547874138565             76.9224959531582471            192.3062398828956532              1.3999999999999999              1.3999999999999999
       0.16796875               0.1604368188407563              2.2476190479603160             77.3100527445785701            193.2751318614464822              1.3999999999999999              1.3999999999999999
       0.17578125               0.1610889312873271              2.3391926798977227             77.7098372342332766            194.2745930855832057              1.3999999999999999              1.3999999999999999
       0.18359375               0.1618549872956337              2.4302256800671147             78.1211159301523708            195.3027898253809838              1.3999999999999999              1.3999999999999999
       0.19140625               0.1626157234285367              2.5211975891693688             78.5398482793723787            196.3496206984309822              1.3999999999999999              1.3999999999999999
       0.19921875               0.1633074686057236              2.6124269628565058             78.9621192714335933            197.4052981785840473              1.3999999999999999              1.3999999999999999
       0.20703125               0.1639443928479360              2.7039824896285252             79.3850953717156926            198.4627384292892884              1.3999999999999999              1.3999999999999999
       0.21484375               0.1645407480157240              2.7960350511979577             79.8060903191717586            199.5152257979294177              1.3999999999999999              1.3999999999999999
       0.22265625               0.1650812254984897              2.8889504475898771             80.2224549774808509            200.5561374437021698              1.3999999999999999              1.3999999999999999
       0.23046875               0.1655779878137265              2.9828821281254045             80.6334105414200764            201.5835263535502122              1.3999999999999999              1.3999999999999999
       0.23828125               0.1660738685345246              3.0774342323049519             81.0414085217362299            202.6035213043406316              1.3999999999999999              1.3999999999999999
       0.24609375               0.1665988639588641              3.1730652677730142             81.4457466501876013            203.6143666254690459              1.3999999999999999              1.3999999999999999
       0.25390625               0.1671668179884052              3.2702881536206174             81.8456613011103684            204.6141532527759921              1.3999999999999999              1.3999999999999999
       0.26171875               0.1677859539434508              3.3690884713142029             82.2425862159502117            205.6064655398755860              1.3999999999999999              1.3999999999999999
       0.26953125               0.1684444476724875              3.4692567186291052             82.6385287506198836            206.5963218765497800              1.3999999999999999              1.3999999999999999
       0.27734375               0.1690982575733523              3.5704929357542334             83.0355159379762426            207.5887898449406350              1.3999999999999999              1.3999999999999999
       0.28515625               0.1697392353200304              3.6724904919068608             83.4354070290508076            208.5885175726270688              1.3999999999999999              1.3999999999999999
       0.29296875               0.1703520506420592              3.7751300079096852             83.8392809273069872            209.5982023182674823              1.3999999999999999              1.3999999999999999
       0.30078125               0.1709281874444945              3.8786341941661449             84.2469188046468105            210.6172970116170688              1.3999999999999999              1.3999999999999999
       0.30859375               0.1714730524449726              3.9834686778798249             84.6571992797424144            211.6429981993560716              1.3999999999999999              1.3999999999999999
       0.31640625               0.1720122455950614              4.0900777195250244             85.0689451307053019            212.6723628267632762              1.3999999999999999              1.3999999999999999
       0.32421875               0.1725464955627200              4.1986652002322806             85.4813081240757526            213.7032703101894242              1.3999999999999999              1.3999999999999999
       0.33203125               0.1730844101210920              4.3091771434689505             85.8934088821966384            214.7335222054916528              1.3999999999999999              1.3999999999999999
       0.33984375               0.1736848654904056              4.4214358756925796             86.3038616760085091            215.7596541900213367              1.3999999999999999              1.3999999999999999
       0.34765625               0.1743722221232931              4.5352822704062570             86.7106630529416833            216.7766576323542438              1.3999999999999999              1.3999999999999999
       0.35546875               0.1750708926701623              4.6506509811169492             87.1114321771483588            217.7785804428709469              1.3999999999999999              1.3999999999999999
       0.36328125               0.1757312297747588              4.7675713499742765             87.5041175317691824            218.7602938294230057              1.3999999999999999              1.3999999999999999
       0.37109375               0.1763173173556140              4.8860932731795286             87.8878597519825604            219.7196493799564223              1.3999999999999999              1.3999999999999999
       0.37890625               0.1767294977820962              5.0062413966369288             88.2630765142360190            220.6576912855900900              1.3999999999999999              1.3999999999999999
       0.38671875               0.1769533777969024              5.1279876538562617             88.6310399417024968            221.5775998542562775              1.3999999999999999              1.3999999999999999
       0.39453125               0.1772158665686787              5.2511285851751923             88.9940764154625299            222.4851910386564100              1.3999999999999999              1.3999999999999999
       0.40234375               0.1775883826516183              5.3750973721492556             89.3557799563872805            223.3894498909682511              1.3999999999999999              1.3999999999999999
       0.41015625               0.1780683114529734              5.4991287628713499             89.7199307936080288            224.2998269840201147              1.3999999999999999              1.3999999999999999
       0.41796875               0.1786820585877223              5.6227005554944194             90.0888534570572261            225.2221336426431435              1.3999999999999999              1.3999999999999999
       0.42578125               0.1792199287589632              5.7458596235143400             90.4621850130334622            226.1554625325837264              1.3999999999999999              1.3999999999999999
       0.43359375               0.1794337414894564              5.8693340291430269             90.8365014782500282            227.0912536956251131              1.3999999999999999              1.3999999999999999
       0.44140625               0.1794122972130064              5.9944930977716728             91.2059297868387517            228.0148244670969575              1.3999999999999999              1.3999999999999999
       0.44921875               0.1793505455163303              6.1230110518486631             91.5636409115935521            228.9091022789839656              1.3999999999999999              1.3999999999999999
       0.45703125               0.1793805241151991              6.2561585916985019             91.9043994084076274            229.7609985210191041              1.3999999999999999              1.3999999999999999
       0.46484375               0.1798156505835750              6.3940281537243457             92.2277717983013616            230.5694294957534680              1.3999999999999999              1.3999999999999999
       0.47265625               0.1807082793090113              6.5354802962945966             92.5383416471830600            231.3458541179577139              1.3999999999999999              1.3999999999999999
       0.48046875               0.1814527714777729              6.6789180135904083             92.8413962658182612            232.1034906645456886              1.3999999999999999              1.3999999999999999
       0.48828125               0.1820716346797503              6.8232181757300223             93.1396439918416092            232.8491099796040658              1.3999999999999999              1.3999999999999999
       0.49609375               0.1839056852886672              6.9679966036269931             93.4339101886272374            233.5847754715681504              1.3999999999999999              1.3999999999999999
       0.50390625               0.1900838959876601              7.1136963506389730             93.7276648157790362            234.3191620394476331              1.3999999999999999              1.3999999999999999
       0.51171875               0.1981577197836933              7.2602663330285848             94.0267269907841978            235.0668174769605230              1.3999999999999999              1.3999999999999999
       0.51953125               0.2068977206900121              7.4077636044289950             94.3343828073575423            235.8359570183939411              1.3999999999999999              1.3999999999999999
       0.52734375               0.2178477191164410              7.5560062504712473             94.6555081878500317            236.6387704696251149              1.3999999999999999              1.3999999999999999
       0.53515625               0.2307747067132510              7.7049845072788745             94.9933948136560247            237.4834870341401256              1.3999999999999999              1.3999999999999999
       0.54296875               0.2420645011024395              7.8545916385541190             95.3470012112156553            238.3675030280392093              1.3999999999999999              1.3999999999999999
       0.55078125               0.2499521431217651              8.0041340704610420             95.7138968684355973            239.2847421710890217              1.3999999999999999              1.3999999999999999
       0.55859375               0.2642309500188523              8.1531790534333659             96.0912607499200675            240.2281518748002327              1.3999999999999999              1.3999999999999999
       0.56640625               0.3295834278347677              8.3039091612433023             96.5133701892517593            241.2834254731294550              1.3999999999999999              1.3999999999999999
       0.57421875               0.4714340391065316              8.4556657223571179             97.0865275780663666            242.7163189451659662              1.3999999999999999              1.3999999999999999
       0.58203125               0.6597860321493449              8.6079106127236837             97.8987950362042056            244.7469875905105425              1.3999999999999999              1.3999999999999999
       0.58984375               0.8691502491987013              8.7606249198102741             98.9873010175930688            247.4682525439827145              1.3999999999999999              1.3999999999999999
       0.59765625               1.0864800306366968              8.9139593978627989            100.3565665629189425            250.8914164072974131              1.3999999999999999              1.3999999999999999
       0.60546875               1.3030715182939401              9.0678708863680271            102.0005837568187843            255.0014593920469963              1.3999999999999999              1.3999999999999999
       0.61328125               1.5091822984845176              9.2213038476411580            103.8980244346676045            259.7450610866690681              1.3999999999999999              1.3999999999999999
       0.62109375               1.6965844007753677              9.3740547931942597            106.0041524117538785            265.0103810293847459              1.3999999999999999              1.3999999999999999
       0.62890625               1.8487815421805971              9.5287557702655565            108.3572566684584189            270.8931416711461111              1.3999999999999999              1.3999999999999999
       0.63671875               1.9776140217603340              9.6601746727429862            110.7113983176447931            276.7784957941120183              1.3999999999999999              1.3999999999999999
       0.64453125               3.2880193776580295              5.2854014888834433            232.1569610534666026            580.3924026336667339              1.3999999999999999              1.3999999999999999
       0.65234375               4.7838904129659374              1.7073075840971799            375.0709914052614522            937.6774785131536873              1.3999999999999999              1.3999999999999999
       0.66015625               4.8762196810707055              1.8653547927368352            383.8241745293067311            959.5604363232670266              1.3999999999999999              1.3999999999999999
       0.66796875               4.4699280914849977              2.8230578734632061            341.7952240819963663            854.4880602049910294              1.3999999999999999              1.3999999999999999
       0.67578125               4.2638654504861364              3.3335382374052833            315.6823373265522150            789.2058433163806512              1.3999999999999999              1.3999999999999999
       0.68359375               4.2122376990775852              3.5980031363390004            303.9076607834792298            759.7691519586981030              1.3999999999999999              1.3999999999999999
       0.69140625               4.1162139753625056              4.0925158043844680            282.6021321592143067            706.5053303980358805              1.3999999999999999              1.3999999999999999
       0.69921875               3.9568734722635983              4.6052074818685975            256.5108084493895717            641.2770211234741282              1.3999999999999999              1.3999999999999999
       0.70703125               3.8517158368094080              4.9609081726673834            231.7638332583003091            579.4095831457508439              1.3999999999999999              1.3999999999999999
       0.71484375               3.8288122426392746              5.4320392128658890            208.1570493003209208            520.3926232508024441              1.3999999999999999              1.3999999999999999
       0.72265625               4.0207607783789650              6.0347170415178004            187.8878791591837114            469.7196978979594064              1.3999999999999999              1.3999999999999999
       0.73046875               4.2896453785980224              6.7086007693458498            173.0485905350922451            432.6214763377306554              1.3999999999999999              1.3999999999999999
       0.73828125               4.4104523283105150              7.5093314806030680            160.3165198103737055            400.7912995259343347              1.3999999999999999              1.3999999999999999
       0.74609375               4.4393499754818393              8.2617748083814710            147.4404193439006576            368.6010483597517009              1.3999999999999999              1.3999999999999999
       0.75390625               4.4416420360518494              8.9416357450178037            135.5033837852840577            338.7584594632102721              1.3999999999999999              1.3999999999999999
       0.76171875               4.4646675309718615              9.6030605998769776            126.4438914717232763            316.1097286793082617              1.3999999999999999              1.3999999999999999
       0.76953125               4.5349904344486136             10.2378415484381087            120.4726251691869550            301.1815629229674869              1.3999999999999999              1.3999999999999999
       0.77734375               4.5283532367114265             10.7397824498279277            115.8648971242899250            289.6622428107248766              1.3999999999999999              1.3999999999999999
       0.78515625               4.3870722778112867             11.0799914496581930            111.2280923913520638            278.0702309783802093              1.3999999999999999              1.3999999999999999
       0.79296875               4.0514763741441406             11.3378093141746863            107.1954897505558080            267.9887243763895981              1.3999999999999999              1.3999999999999999
       0.80078125               3.3389857245427463             11.6042176407357047            104.9144774485150009            262.2861936212875662              1.3999999999999999              1.3999999999999999
       0.80859375               2.3929031273610670             11.9567561245846932            104.7029714292028331            261.7574285730071324              1.3999999999999999              1.3999999999999999
       0.81640625               1.5767979778292103             12.4093819756182118            105.6607235490027819            264.1518088725070470              1.3999999999999999              1.3999999999999999
       0.82421875               1.0905181179941335             12.9294326294075681            106.9696728727523833            267.4241821818810081              1.3999999999999999              1.3999999999999999
       0.83203125               0.9002576705325364             13.4851396889056954            108.2286085234591582            270.5715213086479594              1.3999999999999999              1.3999999999999999
       0.83984375               0.8618942561734256             14.0343960604586844            109.4049125307004289            273.5122813267511219              1.3999999999999999              1.3999999999999999
       0.84765625               0.8641484334346479             14.5813845501770256            111.3226168206267772            278.3065420515670212              1.3999999999999999              1.3999999999999999
       0.85546875               0.8939158495876065             15.1603922136940259            115.1404696081948487            287.8511740204871785              1.3999999999999999              1.3999999999999999
       0.86328125               0.9152014356809989             15.2953203922290690            116.3026163362251992            290.7565408405630478              1.3999999999999999              1.3999999999999999
       0.87109375               0.7705523365183135             12.6992748359524104             90.1871989364150863            225.4679973410377727              1.3999999999999999              1.3999999999999999
       0.87890625               0.3459864501651433              1.8482898707951199             24.4804911423284963             61.2012278558212515              1.3999999999999999              1.3999999999999999
       0.88671875               0.3044970925262971              0.0263328382068151             18.9270313580945526             47.3175783952363886              1.3999999999999999              1.3999999999999999
       0.89453125               0.3050782037442834              0.0344674693946605             18.9686856715633212             47.4217141789083101              1.3999999999999999              1.3999999999999999
       0.90234375               0.3054317371229281              0.0538719562364204             18.9987982988743767             47.4969957471859558              1.3999999999999999              1.3999999999999999
       0.91015625               0.3054226309966918              0.0664315332840316             18.9991840126860119             47.4979600317150386              1.3999999999999999              1.3999999999999999
       0.91796875               0.3054899941696333              0.0738021577784589             19.0078784994760603             47.5196962486901668              1.3999999999999999              1.3999999999999999
       0.92578125               0.3055834561295749              0.0748593777892777             19.0173247315748881             47.5433118289372345              1.3999999999999999              1.3999999999999999
       0.93359375               0.3058022542932149              0.0694351290282560             19.0359025793926193             47.5897564484815661              1.3999999999999999              1.3999999999999999
       0.94140625               0.3060116774335476              0.0611533893067884             19.0525182618711320             47.6312956546778352              1.3999999999999999              1.3999999999999999
       0.94921875               0.3061343341289012              0.0534508481117830             19.0647740255796769             47.6619350639492012              1.3999999999999999              1.3999999999999999
       0.95703125               0.3062536710911528              0.0462944090063490             19.0786519004852622             47.6966297512131661              1.3999999999999999              1.3999999999999999
       0.96484375               0.3063907332718488              0.0388419831396167             19.0922972784584957             47.7307431961462427              1.3999999999999999              1.3999999999999999
       0.97265625               0.3064969939680305              0.0309906038194471             19.0997883133820849             47.7494707834552230              1.3999999999999999              1.3999999999999999
       0.98046875               0.3065604774392373              0.0221345092632019             19.1038566650656456             47.7596416626641300              1.3999999999999999              1.3999999999999999
       0.98828125               0.3066440220270017              0.0129330361686458             19.1107220216596403             47.7768050541491078              1.3999999999999999              1.3999999999999999
       0.99609375               0.3067227659726085              0.0042374880741523             19.1174869059263024             47.7937172648157613              1.3999999999999999              1.3999999999999999
