       0.00390625               0.1650029927293223              0.0544170720327307             80.7871826567092768            201.9679566417732417              1.3999999999999999              1.3999999999999999
       0.01171875               0.1650167417194116              0.1632561987984190             80.7912647091455938            201.9781617728640413              1.3999999999999999              1.3999999999999999
       0.01953125               0.1650443622992024              0.2721102862380943             80.7994280058338319            201.9985700145846579              1.3999999999999999              1.3999999999999999
       0.02734375               0.1650861008430356              0.3809893492955545             80.8116708949980591            202.0291772374951904              1.3999999999999999              1.3999999999999999
       0.03515625               0.1651423298570255              0.4899034620509097             80.8279908137958358            202.0699770344896251              1.3999999999999999              1.3999999999999999
       0.04296875               0.1652135515314811              0.5988627762436231             80.8483841953077587            202.1209604882694180              1.3999999999999999              1.3999999999999999
       0.05078125               0.1653004025083754              0.7078775348831793             80.8728463593785847            202.1821158984464830              1.3999999999999999              1.3999999999999999
       0.05859375               0.1654036598890771              0.8169580799209480             80.9013713989911309            202.2534284974778700              1.3999999999999999              1.3999999999999999
       0.06640625               0.1655242485121787              0.9261148532959286             80.9339520753816828            202.3348801884542638              1.3999999999999999              1.3999999999999999
       0.07421875               0.1656632495349119              1.0353583910619168             80.9705797357771644            202.4264493394429110              1.3999999999999999              1.3999999999999999
       0.08203125               0.1658219103545067              1.1446993106862093             81.0112442675015245            202.5281106687538681              1.3999999999999999              1.3999999999999999
       0.08984375               0.1660016559082756              1.2541482919167750             81.0559341014100738            202.6398352535252343              1.3999999999999999              1.3999999999999999
       0.09765625               0.1662041013935417              1.3637160518168052             81.1046362763015622            202.7615906907539625              1.3999999999999999              1.3999999999999999
       0.10546875               0.1664310664510883              1.4734133146747170             81.1573365742159325            202.8933414355398668              1.3999999999999999              1.3999999999999999
       0.11328125               0.1666845908589064              1.5832507775420706             81.2140197344151460            203.0350493360379289              1.3999999999999999              1.3999999999999999
       0.12109375               0.1669669517870689              1.6932390721507624             81.2746697514790952            203.1866743786978020              1.3999999999999999              1.3999999999999999
       0.12890625               0.1672806826699759              1.8033887239350928             81.3392702604148070            203.3481756510370531              1.3999999999999999              1.3999999999999999
       0.13671875               0.1676285937593137              1.9137101088734494             81.4078050089777605            203.5195125224444439              1.3999999999999999              1.3999999999999999
       0.14453125               0.1680137944302272              2.0242134088990662             81.4802584145613764            203.7006460364034695              1.3999999999999999              1.3999999999999999
       0.15234375               0.1684397173252072              2.1349085666879737             81.5566162003060242            203.8915405007651032              1.3999999999999999              1.3999999999999999
       0.16015625               0.1689101444361553              2.2458052406371962             81.6368661030008553            204.0921652575021881              1.3999999999999999              1.3999999999999999
       0.16796875               0.1694292352459506              2.3569127607530214             81.7209986442232008            204.3024966105580233              1.3999999999999999              1.3999999999999999
       0.17578125               0.1700015570768136              2.4682400860332563             81.8090079558123904            204.5225198895310257              1.3999999999999999              1.3999999999999999
       0.18359375               0.1706321178236436              2.5797957638584075             81.9008926507382000            204.7522316268455427              1.3999999999999999              1.3999999999999999
       0.19140625               0.1713264012862841              2.6915878919612637             81.9966567304031599            204.9916418260079354              1.3999999999999999              1.3999999999999999
       0.19921875               0.1720904053557658              2.8036240836786708             82.0963105195403529            205.2407762988509319              1.3999999999999999              1.3999999999999999
       0.20703125               0.1729306833563831              2.9159114373219541             82.1998716203969479            205.4996790509924267              1.3999999999999999              1.3999999999999999
       0.21484375               0.1738543888981338              3.0284565106419175             82.3073658786948386            205.7684146967371532              1.3999999999999999              1.3999999999999999
       0.22265625               0.1748693246565353              3.1412653012901388             82.4188283558156201            206.0470708895390715              1.3999999999999999              1.3999999999999999
       0.23046875               0.1759839955777914              3.2543432335620994             82.5343043061734818            206.3357607654337471              1.3999999999999999              1.3999999999999999
       0.23828125               0.1772076671086595              3.3676951515583733             82.6538501612777736            206.6346254031944909              1.3999999999999999              1.3999999999999999
       0.24609375               0.1785504291625633              3.4813253198191036             82.7775345196538979            206.9438362991348015              1.3999999999999999              1.3999999999999999
       0.25390625               0.1800232666441745              3.5952374323423446             82.9054391439698293            207.2635978599246300              1.3999999999999999              1.3999999999999999
       0.26171875               0.1816381374111264              3.7094346287433497             83.0376599778487900            207.5941499446220462              1.3999999999999999              1.3999999999999999
       0.26953125               0.1834080585837007              3.8239195243436126             83.1743082478677422            207.9357706196694267              1.3999999999999999              1.3999999999999999
       0.27734375               0.1853472510316248              3.9387009317521993             83.3155427354238469            208.2888568385596386              1.3999999999999999              1.3999999999999999
       0.28515625               0.1874709237136817              4.0537788465858018             83.4615017116680349            208.6537542791701298              1.3999999999999999              1.3999999999999999
       0.29296875               0.1897956076655789              4.1691502592575675             83.6123297684385420            209.0308244210964119              1.3999999999999999              1.3999999999999999
       0.30078125               0.1923394372307322              4.2848158611825422             83.7682109043810925            209.4205272609527810              1.3999999999999999              1.3999999999999999
       0.30859375               0.1951221622355808              4.4007758519768183             83.9293511061082285            209.8233777652706351              1.3999999999999999              1.3999999999999999
       0.31640625               0.1981653032931638              4.5170298979822201             84.0959800798793680            210.2399501996984554              1.3999999999999999              1.3999999999999999
       0.32421875               0.2014923245768643              4.6335769939346436             84.2683530541835353            210.6708826354588950              1.3999999999999999              1.3999999999999999
       0.33203125               0.2051288267377074              4.7504153283640820             84.4467530482821047            211.1168826207052973              1.3999999999999999              1.3999999999999999
       0.33984375               0.2091027630612384              4.8675422701760018             84.6314942344631760            211.5787355861579613              1.3999999999999999              1.3999999999999999
       0.34765625               0.2134446795435756              4.9849542903176305             84.8229255243376059            212.0573138108440787              1.3999999999999999              1.3999999999999999
       0.35546875               0.2181879794932503              5.1026466447514132             85.0214334695492937            212.5535836738732769              1.3999999999999999              1.3999999999999999
       0.36328125               0.2233692171633299              5.2206130928159977             85.2274457659639637            213.0686144149099448              1.3999999999999999              1.3999999999999999
       0.37109375               0.2290284231439981              5.3388456921634235             85.4414355239910037            213.6035888099775377              1.3999999999999999              1.3999999999999999
       0.37890625               0.2352094626016346              5.4573345542587859             85.6639256268738052            214.1598140671845556              1.3999999999999999              1.3999999999999999
       0.38671875               0.2419604283671861              5.5760675922329783             85.8954932122474162            214.7387330306185902              1.3999999999999999              1.3999999999999999
       0.39453125               0.2493340702078372              5.6950302728382427             86.1367741978260284            215.3419354945650923              1.3999999999999999              1.3999999999999999
       0.40234375               0.2573882608014602              5.8142053782365641             86.3884677305295554            215.9711693263239454              1.3999999999999999              1.3999999999999999
       0.41015625               0.2661864979359627              5.9335727922469754             86.6513404843865089            216.6283512109663434              1.3999999999999999              1.3999999999999999
       0.41796875               0.2757984410236958              6.0531093320711546             86.9262307789284137            217.3155769473210626              1.3999999999999999              1.3999999999999999
       0.42578125               0.2863004777484169              6.1727886299898040             87.2140524144683837            218.0351310361710091              1.3999999999999999              1.3999999999999999
       0.43359375               0.2977763132616376              6.2925810326314853             87.5157979115812594            218.7894947789531841              1.3999999999999999              1.3999999999999999
       0.44140625               0.3103175699854904              6.4124534679166372             87.8325407109706759            219.5813517774267609              1.3999999999999999              1.3999999999999999
       0.44921875               0.3240243809000057              6.5323692535944966             88.1654359865762416            220.4135899664406395              1.3999999999999999              1.3999999999999999
       0.45703125               0.3390059525321646              6.6522878458896733             88.5157198365355526            221.2892995913389029              1.3999999999999999              1.3999999999999999
       0.46484375               0.3553810647365024              6.7721645124294527             88.8847064837238321            222.2117662093096442              1.3999999999999999              1.3999999999999999
       0.47265625               0.3732784624783205              6.8919498843958706             89.2737828442550381            223.1844571106376520              1.3999999999999999              1.3999999999999999
       0.48046875               0.3928370802137983              7.0115893296435701             89.6843995904222453            224.2109989760556914              1.3999999999999999              1.3999999999999999
       0.48828125               0.4142060216231249              7.1310220789178675             90.1180575707346776            225.2951439268367437              1.3999999999999999              1.3999999999999999
       0.49609375               0.4375441960437398              7.2501800220291548             90.5762880901564245            226.4407202253910896              1.3999999999999999              1.3999999999999999
       0.50390625               0.4630194884569780              7.3689860836013077             91.0606252043070867            227.6515630107677453              1.3999999999999999              1.3999999999999999
       0.51171875               0.4908073132722968              7.4873520855116267             91.5725678626921535            228.9314196567304407              1.3999999999999999              1.3999999999999999
       0.51953125               0.5210883748132468              7.6051759813234954             92.1135293056853470            230.2838232642134244              1.3999999999999999              1.3999999999999999
       0.52734375               0.5540454320242479              7.7223382987314269             92.6847704851902705            231.7119262129757544              1.3999999999999999              1.3999999999999999
       0.53515625               0.5898588463324645              7.8386975717328378             93.2873134912203739            233.2182837280509773              1.3999999999999999              1.3999999999999999
       0.54296875               0.6287006866979769              7.9540845174024497             93.9218300435197762            234.8045751087994688              1.3999999999999999              1.3999999999999999
       0.55078125               0.6707271826406555              8.0682947337992612             94.5884988356753382            236.4712470891883811              1.3999999999999999              1.3999999999999999
       0.55859375               0.7160693628203726              8.1810797732750160             95.2868235735493130            238.2170589338733464              1.3999999999999999              1.3999999999999999
       0.56640625               0.7648218034939483              8.2921365687464093             96.0154010672837188            240.0385026682093610              1.3999999999999999              1.3999999999999999
       0.57421875               0.8170295552245761              8.4010952985271850             96.7716274570824453            241.9290686427061985              1.3999999999999999              1.3999999999999999
       0.58203125               0.8726735563352803              8.5075057425896468             97.5513355797851176            243.8783389494628580              1.3999999999999999              1.3999999999999999
       0.58984375               0.9316552493481727              8.6108220450296731             98.3483760111464562            245.8709400278661974              1.3999999999999999              1.3999999999999999
       0.59765625               0.9937817566247983              8.7103865141794667             99.1541933870643817            247.8854834676610324              1.3999999999999999              1.3999999999999999
       0.60546875               1.0587540288495203              8.8054147562184877             99.9575259058889429            249.8938147647224355              1.3999999999999999              1.3999999999999999
       0.61328125               1.1261698593337039              8.8949172417082369            100.7453469087386395            251.8633672718466698              1.3999999999999999              1.3999999999999999
       0.62109375               1.1957828872040528              8.9756656286747152            101.5299603608999774            253.8249009022499934              1.3999999999999999              1.3999999999999999
       0.62890625               1.2740394328389593              8.9939750978804156            102.9896595677506212            257.4741489193766029              1.3999999999999999              1.3999999999999999
       0.63671875               1.4597023810880239              8.2336424241885524            115.3429675362939406            288.3574188407349084              1.3999999999999999              1.3999999999999999
       0.64453125               1.9427830022035584              5.8998987976043775            158.4761643966847373            396.1904109917119285              1.3999999999999999              1.3999999999999999
       0.65234375               2.5588312290519801              3.7907464178977524            211.9371931987286075            529.8429829968216609              1.3999999999999999              1.3999999999999999
       0.66015625               3.0803756946839700              2.7127803337479737            249.4879874597060905            623.7199686492654109              1.3999999999999999              1.3999999999999999
       0.66796875               3.4394008652843358              2.4381620486531514            265.6284313397786150            664.0710783494466796              1.3999999999999999              1.3999999999999999
       0.67578125               3.6746294482716912              2.5989572033168007            267.6859499653016314            669.2148749132542207              1.3999999999999999              1.3999999999999999
       0.68359375               3.8529885016150875              2.9374338576174677            264.2283581695487555            660.5708954238720025              1.3999999999999999              1.3999999999999999
       0.69140625               4.0071004225888034              3.3570201347137645            259.0129230225114156            647.5323075562787380              1.3999999999999999              1.3999999999999999
       0.69921875               4.1478088663030253              3.8308035541690368            253.1545622973456204            632.8864057433642074              1.3999999999999999              1.3999999999999999
       0.70703125               4.2768497752658430              4.3495410733871180            246.9017506279534473            617.2543765698837888              1.3999999999999999              1.3999999999999999
       0.71484375               4.3914530243413363              4.9084262924993549            240.2003220978088791            600.5008052445223257              1.3999999999999999              1.3999999999999999
       0.72265625               4.4858781618964398              5.5043098887434638            232.8780062967778122            582.1950157419446441              1.3999999999999999              1.3999999999999999
       0.73046875               4.5513760359930435              6.1366674438716160            224.6736652576252027            561.6841631440630636              1.3999999999999999              1.3999999999999999
       0.73828125               4.5762502888082013              6.8083886038312587            215.2569938720125720            538.1424846800315436              1.3999999999999999              1.3999999999999999
       0.74609375               4.5514334253352899              7.5171504527674733            204.5868534673012675            511.4671336682532683              1.3999999999999999              1.3999999999999999
       0.75390625               4.5005337676848969              8.2041679848739655            194.7189605644757648            486.7974014111895258              1.3999999999999999              1.3999999999999999
       0.76171875               4.4379254012295624              8.8117818051646122            187.4623746963020494            468.6559367407552372              1.3999999999999999              1.3999999999999999
       0.76953125               4.3148628604629096              9.4040036650890411            180.3650509427027941            450.9126273567571275              1.3999999999999999              1.3999999999999999
       0.77734375               4.1237038090460416              9.9850315883399290            173.1698271299698320            432.9245678249246794              1.3999999999999999              1.3999999999999999
       0.78515625               3.8662216886792180             10.5497483465728017            165.9504132237741487            414.8760330594354855              1.3999999999999999              1.3999999999999999
       0.79296875               3.5493799444571899             11.0915842168550522            158.8213839641250900            397.0534599103128812              1.3999999999999999              1.3999999999999999
       0.80078125               3.1853611101503989             11.6028624065241157            151.9060064146689513            379.7650160366724776              1.3999999999999999              1.3999999999999999
       0.80859375               2.7915469086924403             12.0745872279603681            145.3067741424399912            363.2669353561000776              1.3999999999999999              1.3999999999999999
       0.81640625               2.3898125156530288             12.4952829547983519            139.0649008923106749            347.6622522307767440              1.3999999999999999              1.3999999999999999
       0.82421875               2.0043052576369336             12.8472986531075026            133.0875466552674027            332.7188666381686062              1.3999999999999999              1.3999999999999999
       0.83203125               1.6565108421442074             13.0961103367014644            126.9633112358174429            317.4082780895436713              1.3999999999999999              1.3999999999999999
       0.83984375               1.3583498409930177             13.1462478538554119            119.5590142174332016            298.8975355435830465              1.3999999999999999              1.3999999999999999
       0.84765625               1.1020521724293306             12.7032280016254955            107.6566761718241025            269.1416904295602990              1.3999999999999999              1.3999999999999999
       0.85546875               0.8498788427105850             11.0228455251338602             85.3055399992560694            213.2638499981402163              1.3999999999999999              1.3999999999999999
       0.86328125               0.5764462953732936              7.1538872869862100             52.5205597812703289            131.3013994531758613              1.3999999999999999              1.3999999999999999
       0.87109375               0.3683281096222746              1.9336174062043738             26.3190703088055642             65.7976757720139176              1.3999999999999999              1.3999999999999999
       0.87890625               0.2988584541796593             -0.4019803469944391             18.4605963582814674             46.1514908957036809              1.3999999999999999              1.3999999999999999
       0.88671875               0.2895066041768686             -0.5719441029691226             17.6550494432659377             44.1376236081648585              1.3999999999999999              1.3999999999999999
       0.89453125               0.2877892029769192             -0.4987159882812836             17.5589559742260519             43.8973899355651369              1.3999999999999999              1.3999999999999999
       0.90234375               0.2868962325775015             -0.4208956902652071             17.5216733432233340             43.8041833580583457              1.3999999999999999              1.3999999999999999
       0.91015625               0.2863599574838864             -0.3522519110809206             17.5054652103589170             43.7636630258973014              1.3999999999999999              1.3999999999999999
       0.91796875               0.2861129592672659             -0.2931684414377661             17.5067703186894370             43.7669257967235978              1.3999999999999999              1.3999999999999999
       0.92578125               0.2861071105774942             -0.2429754287680835             17.5231957187526390             43.8079892968816083              1.3999999999999999              1.3999999999999999
       0.93359375               0.2862919400844103             -0.2006838058285154             17.5517642408725791             43.8794106021814514              1.3999999999999999              1.3999999999999999
       0.94140625               0.2866148021684975             -0.1651066976190044             17.5890008189305078             43.9725020473262802              1.3999999999999999              1.3999999999999999
       0.94921875               0.2870232092431118             -0.1349685858878054             17.6311909879175062             44.0779774697937725              1.3999999999999999              1.3999999999999999
       0.95703125               0.2874676083246906             -0.1090172202554796             17.6746684769884261             44.1866711924710813              1.3999999999999999              1.3999999999999999
       0.96484375               0.2879038923269767             -0.0861190577511767             17.7160731049935336             44.2901827624838376              1.3999999999999999              1.3999999999999999
       0.97265625               0.2882951610652943             -0.0653226612112371             17.7525381473385977             44.3813453683465013              1.3999999999999999              1.3999999999999999
       0.98046875               0.2886125420603328             -0.0458836482870574             17.7817908654613888             44.4544771636534790              1.3999999999999999              1.3999999999999999
       0.98828125               0.2888351831070109             -0.0272537208028896             17.8021755872162544             44.5054389680406430              1.3999999999999999              1.3999999999999999
       0.99609375               0.2889497380357449             -0.0090419462517853             17.8126269009306633             44.5315672523266741              1.3999999999999999              1.3999999999999999
